title:Dawning Rolls
description:2022

// Zephyr - E (pve)
//notes: tags:pve
dimwishlist:item=396910433&perks=2827049491,599007201,1749209109,3650930298,4264904777
dimwishlist:item=396910433&perks=2827049491,599007201,1749209109,3913600130,4264904777
dimwishlist:item=396910433&perks=2827049491,599007201,2590710093,3650930298,4264904777
dimwishlist:item=396910433&perks=2827049491,599007201,2590710093,3913600130,4264904777
dimwishlist:item=396910433&perks=2827049491,599007201,3108830275,3650930298,4264904777
dimwishlist:item=396910433&perks=2827049491,599007201,3108830275,3913600130,4264904777
dimwishlist:item=396910433&perks=2827049491,269888150,1749209109,3650930298,4264904777
dimwishlist:item=396910433&perks=2827049491,269888150,1749209109,3913600130,4264904777
dimwishlist:item=396910433&perks=2827049491,269888150,2590710093,3650930298,4264904777
dimwishlist:item=396910433&perks=2827049491,269888150,2590710093,3913600130,4264904777
dimwishlist:item=396910433&perks=2827049491,269888150,3108830275,3650930298,4264904777
dimwishlist:item=396910433&perks=2827049491,269888150,3108830275,3913600130,4264904777
dimwishlist:item=396910433&perks=2827049491,52780822,1749209109,3650930298,4264904777
dimwishlist:item=396910433&perks=2827049491,52780822,1749209109,3913600130,4264904777
dimwishlist:item=396910433&perks=2827049491,52780822,2590710093,3650930298,4264904777
dimwishlist:item=396910433&perks=2827049491,52780822,2590710093,3913600130,4264904777
dimwishlist:item=396910433&perks=2827049491,52780822,3108830275,3650930298,4264904777
dimwishlist:item=396910433&perks=2827049491,52780822,3108830275,3913600130,4264904777
dimwishlist:item=396910433&perks=3666208348,599007201,1749209109,3650930298,4264904777
dimwishlist:item=396910433&perks=3666208348,599007201,1749209109,3913600130,4264904777
dimwishlist:item=396910433&perks=3666208348,599007201,2590710093,3650930298,4264904777
dimwishlist:item=396910433&perks=3666208348,599007201,2590710093,3913600130,4264904777
dimwishlist:item=396910433&perks=3666208348,599007201,3108830275,3650930298,4264904777
dimwishlist:item=396910433&perks=3666208348,599007201,3108830275,3913600130,4264904777
dimwishlist:item=396910433&perks=3666208348,269888150,1749209109,3650930298,4264904777
dimwishlist:item=396910433&perks=3666208348,269888150,1749209109,3913600130,4264904777
dimwishlist:item=396910433&perks=3666208348,269888150,2590710093,3650930298,4264904777
dimwishlist:item=396910433&perks=3666208348,269888150,2590710093,3913600130,4264904777
dimwishlist:item=396910433&perks=3666208348,269888150,3108830275,3650930298,4264904777
dimwishlist:item=396910433&perks=3666208348,269888150,3108830275,3913600130,4264904777
dimwishlist:item=396910433&perks=3666208348,52780822,1749209109,3650930298,4264904777
dimwishlist:item=396910433&perks=3666208348,52780822,1749209109,3913600130,4264904777
dimwishlist:item=396910433&perks=3666208348,52780822,2590710093,3650930298,4264904777
dimwishlist:item=396910433&perks=3666208348,52780822,2590710093,3913600130,4264904777
dimwishlist:item=396910433&perks=3666208348,52780822,3108830275,3650930298,4264904777
dimwishlist:item=396910433&perks=3666208348,52780822,3108830275,3913600130,4264904777


// Avalanche - Avalanche (god-pve,mnk,controller)
//notes: tags:god-pve,mnk,controller
dimwishlist:item=495940989&perks=839105230,1885400500,3300816228,4293542123,4264904777
dimwishlist:item=495940989&perks=839105230,1885400500,3300816228,4293542123,4008116374
dimwishlist:item=495940989&perks=839105230,1885400500,3300816228,365154968,4264904777
dimwishlist:item=495940989&perks=839105230,1885400500,3300816228,365154968,4008116374
dimwishlist:item=495940989&perks=839105230,1885400500,3300816228,1546637391,4264904777
dimwishlist:item=495940989&perks=839105230,1885400500,3300816228,1546637391,4008116374
dimwishlist:item=495940989&perks=839105230,1885400500,1820235745,4293542123,4264904777
dimwishlist:item=495940989&perks=839105230,1885400500,1820235745,4293542123,4008116374
dimwishlist:item=495940989&perks=839105230,1885400500,1820235745,365154968,4264904777
dimwishlist:item=495940989&perks=839105230,1885400500,1820235745,365154968,4008116374
dimwishlist:item=495940989&perks=839105230,1885400500,1820235745,1546637391,4264904777
dimwishlist:item=495940989&perks=839105230,1885400500,1820235745,1546637391,4008116374
dimwishlist:item=495940989&perks=839105230,1561002382,3300816228,4293542123,4264904777
dimwishlist:item=495940989&perks=839105230,1561002382,3300816228,4293542123,4008116374
dimwishlist:item=495940989&perks=839105230,1561002382,3300816228,365154968,4264904777
dimwishlist:item=495940989&perks=839105230,1561002382,3300816228,365154968,4008116374
dimwishlist:item=495940989&perks=839105230,1561002382,3300816228,1546637391,4264904777
dimwishlist:item=495940989&perks=839105230,1561002382,3300816228,1546637391,4008116374
dimwishlist:item=495940989&perks=839105230,1561002382,1820235745,4293542123,4264904777
dimwishlist:item=495940989&perks=839105230,1561002382,1820235745,4293542123,4008116374
dimwishlist:item=495940989&perks=839105230,1561002382,1820235745,365154968,4264904777
dimwishlist:item=495940989&perks=839105230,1561002382,1820235745,365154968,4008116374
dimwishlist:item=495940989&perks=839105230,1561002382,1820235745,1546637391,4264904777
dimwishlist:item=495940989&perks=839105230,1561002382,1820235745,1546637391,4008116374
dimwishlist:item=495940989&perks=3250034553,1885400500,3300816228,4293542123,4264904777
dimwishlist:item=495940989&perks=3250034553,1885400500,3300816228,4293542123,4008116374
dimwishlist:item=495940989&perks=3250034553,1885400500,3300816228,365154968,4264904777
dimwishlist:item=495940989&perks=3250034553,1885400500,3300816228,365154968,4008116374
dimwishlist:item=495940989&perks=3250034553,1885400500,3300816228,1546637391,4264904777
dimwishlist:item=495940989&perks=3250034553,1885400500,3300816228,1546637391,4008116374
dimwishlist:item=495940989&perks=3250034553,1885400500,1820235745,4293542123,4264904777
dimwishlist:item=495940989&perks=3250034553,1885400500,1820235745,4293542123,4008116374
dimwishlist:item=495940989&perks=3250034553,1885400500,1820235745,365154968,4264904777
dimwishlist:item=495940989&perks=3250034553,1885400500,1820235745,365154968,4008116374
dimwishlist:item=495940989&perks=3250034553,1885400500,1820235745,1546637391,4264904777
dimwishlist:item=495940989&perks=3250034553,1885400500,1820235745,1546637391,4008116374
dimwishlist:item=495940989&perks=3250034553,1561002382,3300816228,4293542123,4264904777
dimwishlist:item=495940989&perks=3250034553,1561002382,3300816228,4293542123,4008116374
dimwishlist:item=495940989&perks=3250034553,1561002382,3300816228,365154968,4264904777
dimwishlist:item=495940989&perks=3250034553,1561002382,3300816228,365154968,4008116374
dimwishlist:item=495940989&perks=3250034553,1561002382,3300816228,1546637391,4264904777
dimwishlist:item=495940989&perks=3250034553,1561002382,3300816228,1546637391,4008116374
dimwishlist:item=495940989&perks=3250034553,1561002382,1820235745,4293542123,4264904777
dimwishlist:item=495940989&perks=3250034553,1561002382,1820235745,4293542123,4008116374
dimwishlist:item=495940989&perks=3250034553,1561002382,1820235745,365154968,4264904777
dimwishlist:item=495940989&perks=3250034553,1561002382,1820235745,365154968,4008116374
dimwishlist:item=495940989&perks=3250034553,1561002382,1820235745,1546637391,4264904777
dimwishlist:item=495940989&perks=3250034553,1561002382,1820235745,1546637391,4008116374
dimwishlist:item=495940989&perks=3661387068,1885400500,3300816228,4293542123,4264904777
dimwishlist:item=495940989&perks=3661387068,1885400500,3300816228,4293542123,4008116374
dimwishlist:item=495940989&perks=3661387068,1885400500,3300816228,365154968,4264904777
dimwishlist:item=495940989&perks=3661387068,1885400500,3300816228,365154968,4008116374
dimwishlist:item=495940989&perks=3661387068,1885400500,3300816228,1546637391,4264904777
dimwishlist:item=495940989&perks=3661387068,1885400500,3300816228,1546637391,4008116374
dimwishlist:item=495940989&perks=3661387068,1885400500,1820235745,4293542123,4264904777
dimwishlist:item=495940989&perks=3661387068,1885400500,1820235745,4293542123,4008116374
dimwishlist:item=495940989&perks=3661387068,1885400500,1820235745,365154968,4264904777
dimwishlist:item=495940989&perks=3661387068,1885400500,1820235745,365154968,4008116374
dimwishlist:item=495940989&perks=3661387068,1885400500,1820235745,1546637391,4264904777
dimwishlist:item=495940989&perks=3661387068,1885400500,1820235745,1546637391,4008116374
dimwishlist:item=495940989&perks=3661387068,1561002382,3300816228,4293542123,4264904777
dimwishlist:item=495940989&perks=3661387068,1561002382,3300816228,4293542123,4008116374
dimwishlist:item=495940989&perks=3661387068,1561002382,3300816228,365154968,4264904777
dimwishlist:item=495940989&perks=3661387068,1561002382,3300816228,365154968,4008116374
dimwishlist:item=495940989&perks=3661387068,1561002382,3300816228,1546637391,4264904777
dimwishlist:item=495940989&perks=3661387068,1561002382,3300816228,1546637391,4008116374
dimwishlist:item=495940989&perks=3661387068,1561002382,1820235745,4293542123,4264904777
dimwishlist:item=495940989&perks=3661387068,1561002382,1820235745,4293542123,4008116374
dimwishlist:item=495940989&perks=3661387068,1561002382,1820235745,365154968,4264904777
dimwishlist:item=495940989&perks=3661387068,1561002382,1820235745,365154968,4008116374
dimwishlist:item=495940989&perks=3661387068,1561002382,1820235745,1546637391,4264904777
dimwishlist:item=495940989&perks=3661387068,1561002382,1820235745,1546637391,4008116374
dimwishlist:item=495940989&perks=4090651448,1885400500,3300816228,4293542123,4264904777
dimwishlist:item=495940989&perks=4090651448,1885400500,3300816228,4293542123,4008116374
dimwishlist:item=495940989&perks=4090651448,1885400500,3300816228,365154968,4264904777
dimwishlist:item=495940989&perks=4090651448,1885400500,3300816228,365154968,4008116374
dimwishlist:item=495940989&perks=4090651448,1885400500,3300816228,1546637391,4264904777
dimwishlist:item=495940989&perks=4090651448,1885400500,3300816228,1546637391,4008116374
dimwishlist:item=495940989&perks=4090651448,1885400500,1820235745,4293542123,4264904777
dimwishlist:item=495940989&perks=4090651448,1885400500,1820235745,4293542123,4008116374
dimwishlist:item=495940989&perks=4090651448,1885400500,1820235745,365154968,4264904777
dimwishlist:item=495940989&perks=4090651448,1885400500,1820235745,365154968,4008116374
dimwishlist:item=495940989&perks=4090651448,1885400500,1820235745,1546637391,4264904777
dimwishlist:item=495940989&perks=4090651448,1885400500,1820235745,1546637391,4008116374
dimwishlist:item=495940989&perks=4090651448,1561002382,3300816228,4293542123,4264904777
dimwishlist:item=495940989&perks=4090651448,1561002382,3300816228,4293542123,4008116374
dimwishlist:item=495940989&perks=4090651448,1561002382,3300816228,365154968,4264904777
dimwishlist:item=495940989&perks=4090651448,1561002382,3300816228,365154968,4008116374
dimwishlist:item=495940989&perks=4090651448,1561002382,3300816228,1546637391,4264904777
dimwishlist:item=495940989&perks=4090651448,1561002382,3300816228,1546637391,4008116374
dimwishlist:item=495940989&perks=4090651448,1561002382,1820235745,4293542123,4264904777
dimwishlist:item=495940989&perks=4090651448,1561002382,1820235745,4293542123,4008116374
dimwishlist:item=495940989&perks=4090651448,1561002382,1820235745,365154968,4264904777
dimwishlist:item=495940989&perks=4090651448,1561002382,1820235745,365154968,4008116374
dimwishlist:item=495940989&perks=4090651448,1561002382,1820235745,1546637391,4264904777
dimwishlist:item=495940989&perks=4090651448,1561002382,1820235745,1546637391,4008116374


// Avalanche (pvp)
//notes: tags:pvp
dimwishlist:item=495940989&perks=3250034553,1885400500,1359896290,4082225868,4008116374
dimwishlist:item=495940989&perks=3250034553,1885400500,1359896290,4082225868,4264904777
dimwishlist:item=495940989&perks=3250034553,1885400500,1359896290,11612903,4008116374
dimwishlist:item=495940989&perks=3250034553,1885400500,1359896290,11612903,4264904777
dimwishlist:item=495940989&perks=3250034553,1885400500,1359896290,365154968,4008116374
dimwishlist:item=495940989&perks=3250034553,1885400500,1359896290,365154968,4264904777
dimwishlist:item=495940989&perks=3250034553,1561002382,1359896290,4082225868,4008116374
dimwishlist:item=495940989&perks=3250034553,1561002382,1359896290,4082225868,4264904777
dimwishlist:item=495940989&perks=3250034553,1561002382,1359896290,11612903,4008116374
dimwishlist:item=495940989&perks=3250034553,1561002382,1359896290,11612903,4264904777
dimwishlist:item=495940989&perks=3250034553,1561002382,1359896290,365154968,4008116374
dimwishlist:item=495940989&perks=3250034553,1561002382,1359896290,365154968,4264904777


// Stay Frosty - PvE_1 (god-pve)
//notes: tags:god-pve
dimwishlist:item=2812100428&perks=839105230,1885400500,588594999,1048183818,4264904777
dimwishlist:item=2812100428&perks=839105230,1885400500,588594999,1048183818,2839173408
dimwishlist:item=2812100428&perks=839105230,1885400500,588594999,124408337,4264904777
dimwishlist:item=2812100428&perks=839105230,1885400500,588594999,124408337,2839173408
dimwishlist:item=2812100428&perks=839105230,1885400500,588594999,2610012052,4264904777
dimwishlist:item=2812100428&perks=839105230,1885400500,588594999,2610012052,2839173408
dimwishlist:item=2812100428&perks=839105230,1885400500,2450788523,1048183818,4264904777
dimwishlist:item=2812100428&perks=839105230,1885400500,2450788523,1048183818,2839173408
dimwishlist:item=2812100428&perks=839105230,1885400500,2450788523,124408337,4264904777
dimwishlist:item=2812100428&perks=839105230,1885400500,2450788523,124408337,2839173408
dimwishlist:item=2812100428&perks=839105230,1885400500,2450788523,2610012052,4264904777
dimwishlist:item=2812100428&perks=839105230,1885400500,2450788523,2610012052,2839173408
dimwishlist:item=2812100428&perks=839105230,1561002382,588594999,1048183818,4264904777
dimwishlist:item=2812100428&perks=839105230,1561002382,588594999,1048183818,2839173408
dimwishlist:item=2812100428&perks=839105230,1561002382,588594999,124408337,4264904777
dimwishlist:item=2812100428&perks=839105230,1561002382,588594999,124408337,2839173408
dimwishlist:item=2812100428&perks=839105230,1561002382,588594999,2610012052,4264904777
dimwishlist:item=2812100428&perks=839105230,1561002382,588594999,2610012052,2839173408
dimwishlist:item=2812100428&perks=839105230,1561002382,2450788523,1048183818,4264904777
dimwishlist:item=2812100428&perks=839105230,1561002382,2450788523,1048183818,2839173408
dimwishlist:item=2812100428&perks=839105230,1561002382,2450788523,124408337,4264904777
dimwishlist:item=2812100428&perks=839105230,1561002382,2450788523,124408337,2839173408
dimwishlist:item=2812100428&perks=839105230,1561002382,2450788523,2610012052,4264904777
dimwishlist:item=2812100428&perks=839105230,1561002382,2450788523,2610012052,2839173408
dimwishlist:item=2812100428&perks=839105230,679225683,588594999,1048183818,4264904777
dimwishlist:item=2812100428&perks=839105230,679225683,588594999,1048183818,2839173408
dimwishlist:item=2812100428&perks=839105230,679225683,588594999,124408337,4264904777
dimwishlist:item=2812100428&perks=839105230,679225683,588594999,124408337,2839173408
dimwishlist:item=2812100428&perks=839105230,679225683,588594999,2610012052,4264904777
dimwishlist:item=2812100428&perks=839105230,679225683,588594999,2610012052,2839173408
dimwishlist:item=2812100428&perks=839105230,679225683,2450788523,1048183818,4264904777
dimwishlist:item=2812100428&perks=839105230,679225683,2450788523,1048183818,2839173408
dimwishlist:item=2812100428&perks=839105230,679225683,2450788523,124408337,4264904777
dimwishlist:item=2812100428&perks=839105230,679225683,2450788523,124408337,2839173408
dimwishlist:item=2812100428&perks=839105230,679225683,2450788523,2610012052,4264904777
dimwishlist:item=2812100428&perks=839105230,679225683,2450788523,2610012052,2839173408
dimwishlist:item=2812100428&perks=3661387068,1885400500,588594999,1048183818,4264904777
dimwishlist:item=2812100428&perks=3661387068,1885400500,588594999,1048183818,2839173408
dimwishlist:item=2812100428&perks=3661387068,1885400500,588594999,124408337,4264904777
dimwishlist:item=2812100428&perks=3661387068,1885400500,588594999,124408337,2839173408
dimwishlist:item=2812100428&perks=3661387068,1885400500,588594999,2610012052,4264904777
dimwishlist:item=2812100428&perks=3661387068,1885400500,588594999,2610012052,2839173408
dimwishlist:item=2812100428&perks=3661387068,1885400500,2450788523,1048183818,4264904777
dimwishlist:item=2812100428&perks=3661387068,1885400500,2450788523,1048183818,2839173408
dimwishlist:item=2812100428&perks=3661387068,1885400500,2450788523,124408337,4264904777
dimwishlist:item=2812100428&perks=3661387068,1885400500,2450788523,124408337,2839173408
dimwishlist:item=2812100428&perks=3661387068,1885400500,2450788523,2610012052,4264904777
dimwishlist:item=2812100428&perks=3661387068,1885400500,2450788523,2610012052,2839173408
dimwishlist:item=2812100428&perks=3661387068,1561002382,588594999,1048183818,4264904777
dimwishlist:item=2812100428&perks=3661387068,1561002382,588594999,1048183818,2839173408
dimwishlist:item=2812100428&perks=3661387068,1561002382,588594999,124408337,4264904777
dimwishlist:item=2812100428&perks=3661387068,1561002382,588594999,124408337,2839173408
dimwishlist:item=2812100428&perks=3661387068,1561002382,588594999,2610012052,4264904777
dimwishlist:item=2812100428&perks=3661387068,1561002382,588594999,2610012052,2839173408
dimwishlist:item=2812100428&perks=3661387068,1561002382,2450788523,1048183818,4264904777
dimwishlist:item=2812100428&perks=3661387068,1561002382,2450788523,1048183818,2839173408
dimwishlist:item=2812100428&perks=3661387068,1561002382,2450788523,124408337,4264904777
dimwishlist:item=2812100428&perks=3661387068,1561002382,2450788523,124408337,2839173408
dimwishlist:item=2812100428&perks=3661387068,1561002382,2450788523,2610012052,4264904777
dimwishlist:item=2812100428&perks=3661387068,1561002382,2450788523,2610012052,2839173408
dimwishlist:item=2812100428&perks=3661387068,679225683,588594999,1048183818,4264904777
dimwishlist:item=2812100428&perks=3661387068,679225683,588594999,1048183818,2839173408
dimwishlist:item=2812100428&perks=3661387068,679225683,588594999,124408337,4264904777
dimwishlist:item=2812100428&perks=3661387068,679225683,588594999,124408337,2839173408
dimwishlist:item=2812100428&perks=3661387068,679225683,588594999,2610012052,4264904777
dimwishlist:item=2812100428&perks=3661387068,679225683,588594999,2610012052,2839173408
dimwishlist:item=2812100428&perks=3661387068,679225683,2450788523,1048183818,4264904777
dimwishlist:item=2812100428&perks=3661387068,679225683,2450788523,1048183818,2839173408
dimwishlist:item=2812100428&perks=3661387068,679225683,2450788523,124408337,4264904777
dimwishlist:item=2812100428&perks=3661387068,679225683,2450788523,124408337,2839173408
dimwishlist:item=2812100428&perks=3661387068,679225683,2450788523,2610012052,4264904777
dimwishlist:item=2812100428&perks=3661387068,679225683,2450788523,2610012052,2839173408
dimwishlist:item=2812100428&perks=4090651448,1885400500,588594999,1048183818,4264904777
dimwishlist:item=2812100428&perks=4090651448,1885400500,588594999,1048183818,2839173408
dimwishlist:item=2812100428&perks=4090651448,1885400500,588594999,124408337,4264904777
dimwishlist:item=2812100428&perks=4090651448,1885400500,588594999,124408337,2839173408
dimwishlist:item=2812100428&perks=4090651448,1885400500,588594999,2610012052,4264904777
dimwishlist:item=2812100428&perks=4090651448,1885400500,588594999,2610012052,2839173408
dimwishlist:item=2812100428&perks=4090651448,1885400500,2450788523,1048183818,4264904777
dimwishlist:item=2812100428&perks=4090651448,1885400500,2450788523,1048183818,2839173408
dimwishlist:item=2812100428&perks=4090651448,1885400500,2450788523,124408337,4264904777
dimwishlist:item=2812100428&perks=4090651448,1885400500,2450788523,124408337,2839173408
dimwishlist:item=2812100428&perks=4090651448,1885400500,2450788523,2610012052,4264904777
dimwishlist:item=2812100428&perks=4090651448,1885400500,2450788523,2610012052,2839173408
dimwishlist:item=2812100428&perks=4090651448,1561002382,588594999,1048183818,4264904777
dimwishlist:item=2812100428&perks=4090651448,1561002382,588594999,1048183818,2839173408
dimwishlist:item=2812100428&perks=4090651448,1561002382,588594999,124408337,4264904777
dimwishlist:item=2812100428&perks=4090651448,1561002382,588594999,124408337,2839173408
dimwishlist:item=2812100428&perks=4090651448,1561002382,588594999,2610012052,4264904777
dimwishlist:item=2812100428&perks=4090651448,1561002382,588594999,2610012052,2839173408
dimwishlist:item=2812100428&perks=4090651448,1561002382,2450788523,1048183818,4264904777
dimwishlist:item=2812100428&perks=4090651448,1561002382,2450788523,1048183818,2839173408
dimwishlist:item=2812100428&perks=4090651448,1561002382,2450788523,124408337,4264904777
dimwishlist:item=2812100428&perks=4090651448,1561002382,2450788523,124408337,2839173408
dimwishlist:item=2812100428&perks=4090651448,1561002382,2450788523,2610012052,4264904777
dimwishlist:item=2812100428&perks=4090651448,1561002382,2450788523,2610012052,2839173408
dimwishlist:item=2812100428&perks=4090651448,679225683,588594999,1048183818,4264904777
dimwishlist:item=2812100428&perks=4090651448,679225683,588594999,1048183818,2839173408
dimwishlist:item=2812100428&perks=4090651448,679225683,588594999,124408337,4264904777
dimwishlist:item=2812100428&perks=4090651448,679225683,588594999,124408337,2839173408
dimwishlist:item=2812100428&perks=4090651448,679225683,588594999,2610012052,4264904777
dimwishlist:item=2812100428&perks=4090651448,679225683,588594999,2610012052,2839173408
dimwishlist:item=2812100428&perks=4090651448,679225683,2450788523,1048183818,4264904777
dimwishlist:item=2812100428&perks=4090651448,679225683,2450788523,1048183818,2839173408
dimwishlist:item=2812100428&perks=4090651448,679225683,2450788523,124408337,4264904777
dimwishlist:item=2812100428&perks=4090651448,679225683,2450788523,124408337,2839173408
dimwishlist:item=2812100428&perks=4090651448,679225683,2450788523,2610012052,4264904777
dimwishlist:item=2812100428&perks=4090651448,679225683,2450788523,2610012052,2839173408


// Stay Frosty - PvP_1 (pvp,mnk)
//notes: tags:pvp,mnk
dimwishlist:item=2812100428&perks=839105230,1885400500,2450788523,460017080,4264904777
dimwishlist:item=2812100428&perks=839105230,1885400500,2450788523,460017080,2839173408
dimwishlist:item=2812100428&perks=3661387068,1885400500,2450788523,460017080,4264904777
dimwishlist:item=2812100428&perks=3661387068,1885400500,2450788523,460017080,2839173408
dimwishlist:item=2812100428&perks=4090651448,1885400500,2450788523,460017080,4264904777
dimwishlist:item=2812100428&perks=4090651448,1885400500,2450788523,460017080,2839173408


// Stay Frosty - PvP_2 (pvp)
//notes: tags:pvp
dimwishlist:item=2812100428&perks=839105230,3230963543,2946784966,1015611457,4264904777
dimwishlist:item=2812100428&perks=839105230,3230963543,2946784966,1015611457,2839173408
dimwishlist:item=2812100428&perks=839105230,3230963543,2946784966,3047969693,4264904777
dimwishlist:item=2812100428&perks=839105230,3230963543,2946784966,3047969693,2839173408
dimwishlist:item=2812100428&perks=3661387068,3230963543,2946784966,1015611457,4264904777
dimwishlist:item=2812100428&perks=3661387068,3230963543,2946784966,1015611457,2839173408
dimwishlist:item=2812100428&perks=3661387068,3230963543,2946784966,3047969693,4264904777
dimwishlist:item=2812100428&perks=3661387068,3230963543,2946784966,3047969693,2839173408
dimwishlist:item=2812100428&perks=4090651448,3230963543,2946784966,1015611457,4264904777
dimwishlist:item=2812100428&perks=4090651448,3230963543,2946784966,1015611457,2839173408
dimwishlist:item=2812100428&perks=4090651448,3230963543,2946784966,3047969693,4264904777
dimwishlist:item=2812100428&perks=4090651448,3230963543,2946784966,3047969693,2839173408


// Cold Front - P1 (pvp)
//notes: tags:pvp
dimwishlist:item=2814093983&perks=3250034553,3230963543,1890422124,2846385770,4264904777
dimwishlist:item=2814093983&perks=3250034553,3230963543,1890422124,2846385770,1607056502
dimwishlist:item=2814093983&perks=3250034553,3230963543,1890422124,3425386926,4264904777
dimwishlist:item=2814093983&perks=3250034553,3230963543,1890422124,3425386926,1607056502
dimwishlist:item=2814093983&perks=3250034553,3230963543,1428297954,2846385770,4264904777
dimwishlist:item=2814093983&perks=3250034553,3230963543,1428297954,2846385770,1607056502
dimwishlist:item=2814093983&perks=3250034553,3230963543,1428297954,3425386926,4264904777
dimwishlist:item=2814093983&perks=3250034553,3230963543,1428297954,3425386926,1607056502
dimwishlist:item=2814093983&perks=3250034553,3230963543,1821614984,2846385770,4264904777
dimwishlist:item=2814093983&perks=3250034553,3230963543,1821614984,2846385770,1607056502
dimwishlist:item=2814093983&perks=3250034553,3230963543,1821614984,3425386926,4264904777
dimwishlist:item=2814093983&perks=3250034553,3230963543,1821614984,3425386926,1607056502
dimwishlist:item=2814093983&perks=3250034553,106909392,1890422124,2846385770,4264904777
dimwishlist:item=2814093983&perks=3250034553,106909392,1890422124,2846385770,1607056502
dimwishlist:item=2814093983&perks=3250034553,106909392,1890422124,3425386926,4264904777
dimwishlist:item=2814093983&perks=3250034553,106909392,1890422124,3425386926,1607056502
dimwishlist:item=2814093983&perks=3250034553,106909392,1428297954,2846385770,4264904777
dimwishlist:item=2814093983&perks=3250034553,106909392,1428297954,2846385770,1607056502
dimwishlist:item=2814093983&perks=3250034553,106909392,1428297954,3425386926,4264904777
dimwishlist:item=2814093983&perks=3250034553,106909392,1428297954,3425386926,1607056502
dimwishlist:item=2814093983&perks=3250034553,106909392,1821614984,2846385770,4264904777
dimwishlist:item=2814093983&perks=3250034553,106909392,1821614984,2846385770,1607056502
dimwishlist:item=2814093983&perks=3250034553,106909392,1821614984,3425386926,4264904777
dimwishlist:item=2814093983&perks=3250034553,106909392,1821614984,3425386926,1607056502
dimwishlist:item=2814093983&perks=3250034553,3177308360,1890422124,2846385770,4264904777
dimwishlist:item=2814093983&perks=3250034553,3177308360,1890422124,2846385770,1607056502
dimwishlist:item=2814093983&perks=3250034553,3177308360,1890422124,3425386926,4264904777
dimwishlist:item=2814093983&perks=3250034553,3177308360,1890422124,3425386926,1607056502
dimwishlist:item=2814093983&perks=3250034553,3177308360,1428297954,2846385770,4264904777
dimwishlist:item=2814093983&perks=3250034553,3177308360,1428297954,2846385770,1607056502
dimwishlist:item=2814093983&perks=3250034553,3177308360,1428297954,3425386926,4264904777
dimwishlist:item=2814093983&perks=3250034553,3177308360,1428297954,3425386926,1607056502
dimwishlist:item=2814093983&perks=3250034553,3177308360,1821614984,2846385770,4264904777
dimwishlist:item=2814093983&perks=3250034553,3177308360,1821614984,2846385770,1607056502
dimwishlist:item=2814093983&perks=3250034553,3177308360,1821614984,3425386926,4264904777
dimwishlist:item=2814093983&perks=3250034553,3177308360,1821614984,3425386926,1607056502
dimwishlist:item=2814093983&perks=3250034553,1431678320,1890422124,2846385770,4264904777
dimwishlist:item=2814093983&perks=3250034553,1431678320,1890422124,2846385770,1607056502
dimwishlist:item=2814093983&perks=3250034553,1431678320,1890422124,3425386926,4264904777
dimwishlist:item=2814093983&perks=3250034553,1431678320,1890422124,3425386926,1607056502
dimwishlist:item=2814093983&perks=3250034553,1431678320,1428297954,2846385770,4264904777
dimwishlist:item=2814093983&perks=3250034553,1431678320,1428297954,2846385770,1607056502
dimwishlist:item=2814093983&perks=3250034553,1431678320,1428297954,3425386926,4264904777
dimwishlist:item=2814093983&perks=3250034553,1431678320,1428297954,3425386926,1607056502
dimwishlist:item=2814093983&perks=3250034553,1431678320,1821614984,2846385770,4264904777
dimwishlist:item=2814093983&perks=3250034553,1431678320,1821614984,2846385770,1607056502
dimwishlist:item=2814093983&perks=3250034553,1431678320,1821614984,3425386926,4264904777
dimwishlist:item=2814093983&perks=3250034553,1431678320,1821614984,3425386926,1607056502
dimwishlist:item=2814093983&perks=202670084,3230963543,1890422124,2846385770,4264904777
dimwishlist:item=2814093983&perks=202670084,3230963543,1890422124,2846385770,1607056502
dimwishlist:item=2814093983&perks=202670084,3230963543,1890422124,3425386926,4264904777
dimwishlist:item=2814093983&perks=202670084,3230963543,1890422124,3425386926,1607056502
dimwishlist:item=2814093983&perks=202670084,3230963543,1428297954,2846385770,4264904777
dimwishlist:item=2814093983&perks=202670084,3230963543,1428297954,2846385770,1607056502
dimwishlist:item=2814093983&perks=202670084,3230963543,1428297954,3425386926,4264904777
dimwishlist:item=2814093983&perks=202670084,3230963543,1428297954,3425386926,1607056502
dimwishlist:item=2814093983&perks=202670084,3230963543,1821614984,2846385770,4264904777
dimwishlist:item=2814093983&perks=202670084,3230963543,1821614984,2846385770,1607056502
dimwishlist:item=2814093983&perks=202670084,3230963543,1821614984,3425386926,4264904777
dimwishlist:item=2814093983&perks=202670084,3230963543,1821614984,3425386926,1607056502
dimwishlist:item=2814093983&perks=202670084,106909392,1890422124,2846385770,4264904777
dimwishlist:item=2814093983&perks=202670084,106909392,1890422124,2846385770,1607056502
dimwishlist:item=2814093983&perks=202670084,106909392,1890422124,3425386926,4264904777
dimwishlist:item=2814093983&perks=202670084,106909392,1890422124,3425386926,1607056502
dimwishlist:item=2814093983&perks=202670084,106909392,1428297954,2846385770,4264904777
dimwishlist:item=2814093983&perks=202670084,106909392,1428297954,2846385770,1607056502
dimwishlist:item=2814093983&perks=202670084,106909392,1428297954,3425386926,4264904777
dimwishlist:item=2814093983&perks=202670084,106909392,1428297954,3425386926,1607056502
dimwishlist:item=2814093983&perks=202670084,106909392,1821614984,2846385770,4264904777
dimwishlist:item=2814093983&perks=202670084,106909392,1821614984,2846385770,1607056502
dimwishlist:item=2814093983&perks=202670084,106909392,1821614984,3425386926,4264904777
dimwishlist:item=2814093983&perks=202670084,106909392,1821614984,3425386926,1607056502
dimwishlist:item=2814093983&perks=202670084,3177308360,1890422124,2846385770,4264904777
dimwishlist:item=2814093983&perks=202670084,3177308360,1890422124,2846385770,1607056502
dimwishlist:item=2814093983&perks=202670084,3177308360,1890422124,3425386926,4264904777
dimwishlist:item=2814093983&perks=202670084,3177308360,1890422124,3425386926,1607056502
dimwishlist:item=2814093983&perks=202670084,3177308360,1428297954,2846385770,4264904777
dimwishlist:item=2814093983&perks=202670084,3177308360,1428297954,2846385770,1607056502
dimwishlist:item=2814093983&perks=202670084,3177308360,1428297954,3425386926,4264904777
dimwishlist:item=2814093983&perks=202670084,3177308360,1428297954,3425386926,1607056502
dimwishlist:item=2814093983&perks=202670084,3177308360,1821614984,2846385770,4264904777
dimwishlist:item=2814093983&perks=202670084,3177308360,1821614984,2846385770,1607056502
dimwishlist:item=2814093983&perks=202670084,3177308360,1821614984,3425386926,4264904777
dimwishlist:item=2814093983&perks=202670084,3177308360,1821614984,3425386926,1607056502
dimwishlist:item=2814093983&perks=202670084,1431678320,1890422124,2846385770,4264904777
dimwishlist:item=2814093983&perks=202670084,1431678320,1890422124,2846385770,1607056502
dimwishlist:item=2814093983&perks=202670084,1431678320,1890422124,3425386926,4264904777
dimwishlist:item=2814093983&perks=202670084,1431678320,1890422124,3425386926,1607056502
dimwishlist:item=2814093983&perks=202670084,1431678320,1428297954,2846385770,4264904777
dimwishlist:item=2814093983&perks=202670084,1431678320,1428297954,2846385770,1607056502
dimwishlist:item=2814093983&perks=202670084,1431678320,1428297954,3425386926,4264904777
dimwishlist:item=2814093983&perks=202670084,1431678320,1428297954,3425386926,1607056502
dimwishlist:item=2814093983&perks=202670084,1431678320,1821614984,2846385770,4264904777
dimwishlist:item=2814093983&perks=202670084,1431678320,1821614984,2846385770,1607056502
dimwishlist:item=2814093983&perks=202670084,1431678320,1821614984,3425386926,4264904777
dimwishlist:item=2814093983&perks=202670084,1431678320,1821614984,3425386926,1607056502


// Cold Front - E (pve)
//notes: tags:pve
dimwishlist:item=2814093983&perks=839105230,3230963543,1820235745,3425386926,4264904777
dimwishlist:item=2814093983&perks=839105230,3230963543,1820235745,3425386926,1607056502
dimwishlist:item=2814093983&perks=839105230,3230963543,1820235745,4049631843,4264904777
dimwishlist:item=2814093983&perks=839105230,3230963543,1820235745,4049631843,1607056502
dimwishlist:item=2814093983&perks=839105230,3230963543,1820235745,4104185692,4264904777
dimwishlist:item=2814093983&perks=839105230,3230963543,1820235745,4104185692,1607056502
dimwishlist:item=2814093983&perks=839105230,1431678320,1820235745,3425386926,4264904777
dimwishlist:item=2814093983&perks=839105230,1431678320,1820235745,3425386926,1607056502
dimwishlist:item=2814093983&perks=839105230,1431678320,1820235745,4049631843,4264904777
dimwishlist:item=2814093983&perks=839105230,1431678320,1820235745,4049631843,1607056502
dimwishlist:item=2814093983&perks=839105230,1431678320,1820235745,4104185692,4264904777
dimwishlist:item=2814093983&perks=839105230,1431678320,1820235745,4104185692,1607056502
dimwishlist:item=2814093983&perks=839105230,3177308360,1820235745,3425386926,4264904777
dimwishlist:item=2814093983&perks=839105230,3177308360,1820235745,3425386926,1607056502
dimwishlist:item=2814093983&perks=839105230,3177308360,1820235745,4049631843,4264904777
dimwishlist:item=2814093983&perks=839105230,3177308360,1820235745,4049631843,1607056502
dimwishlist:item=2814093983&perks=839105230,3177308360,1820235745,4104185692,4264904777
dimwishlist:item=2814093983&perks=839105230,3177308360,1820235745,4104185692,1607056502
dimwishlist:item=2814093983&perks=3661387068,3230963543,1820235745,3425386926,4264904777
dimwishlist:item=2814093983&perks=3661387068,3230963543,1820235745,3425386926,1607056502
dimwishlist:item=2814093983&perks=3661387068,3230963543,1820235745,4049631843,4264904777
dimwishlist:item=2814093983&perks=3661387068,3230963543,1820235745,4049631843,1607056502
dimwishlist:item=2814093983&perks=3661387068,3230963543,1820235745,4104185692,4264904777
dimwishlist:item=2814093983&perks=3661387068,3230963543,1820235745,4104185692,1607056502
dimwishlist:item=2814093983&perks=3661387068,1431678320,1820235745,3425386926,4264904777
dimwishlist:item=2814093983&perks=3661387068,1431678320,1820235745,3425386926,1607056502
dimwishlist:item=2814093983&perks=3661387068,1431678320,1820235745,4049631843,4264904777
dimwishlist:item=2814093983&perks=3661387068,1431678320,1820235745,4049631843,1607056502
dimwishlist:item=2814093983&perks=3661387068,1431678320,1820235745,4104185692,4264904777
dimwishlist:item=2814093983&perks=3661387068,1431678320,1820235745,4104185692,1607056502
dimwishlist:item=2814093983&perks=3661387068,3177308360,1820235745,3425386926,4264904777
dimwishlist:item=2814093983&perks=3661387068,3177308360,1820235745,3425386926,1607056502
dimwishlist:item=2814093983&perks=3661387068,3177308360,1820235745,4049631843,4264904777
dimwishlist:item=2814093983&perks=3661387068,3177308360,1820235745,4049631843,1607056502
dimwishlist:item=2814093983&perks=3661387068,3177308360,1820235745,4104185692,4264904777
dimwishlist:item=2814093983&perks=3661387068,3177308360,1820235745,4104185692,1607056502


// Glacioclasm - P1 (pvp)
//notes: tags:pvp
dimwishlist:item=3573686365&perks=4090651448,689005463,3161816588,2213355989,4264904777
dimwishlist:item=3573686365&perks=4090651448,689005463,3161816588,2213355989,2839173408
dimwishlist:item=3573686365&perks=4090651448,689005463,3161816588,1754714824,4264904777
dimwishlist:item=3573686365&perks=4090651448,689005463,3161816588,1754714824,2839173408
dimwishlist:item=3573686365&perks=4090651448,689005463,3161816588,699525795,4264904777
dimwishlist:item=3573686365&perks=4090651448,689005463,3161816588,699525795,2839173408
dimwishlist:item=3573686365&perks=4090651448,689005463,1645158859,2213355989,4264904777
dimwishlist:item=3573686365&perks=4090651448,689005463,1645158859,2213355989,2839173408
dimwishlist:item=3573686365&perks=4090651448,689005463,1645158859,1754714824,4264904777
dimwishlist:item=3573686365&perks=4090651448,689005463,1645158859,1754714824,2839173408
dimwishlist:item=3573686365&perks=4090651448,689005463,1645158859,699525795,4264904777
dimwishlist:item=3573686365&perks=4090651448,689005463,1645158859,699525795,2839173408
dimwishlist:item=3573686365&perks=4090651448,689005463,2450788523,2213355989,4264904777
dimwishlist:item=3573686365&perks=4090651448,689005463,2450788523,2213355989,2839173408
dimwishlist:item=3573686365&perks=4090651448,689005463,2450788523,1754714824,4264904777
dimwishlist:item=3573686365&perks=4090651448,689005463,2450788523,1754714824,2839173408
dimwishlist:item=3573686365&perks=4090651448,689005463,2450788523,699525795,4264904777
dimwishlist:item=3573686365&perks=4090651448,689005463,2450788523,699525795,2839173408
dimwishlist:item=3573686365&perks=1482024992,689005463,3161816588,2213355989,4264904777
dimwishlist:item=3573686365&perks=1482024992,689005463,3161816588,2213355989,2839173408
dimwishlist:item=3573686365&perks=1482024992,689005463,3161816588,1754714824,4264904777
dimwishlist:item=3573686365&perks=1482024992,689005463,3161816588,1754714824,2839173408
dimwishlist:item=3573686365&perks=1482024992,689005463,3161816588,699525795,4264904777
dimwishlist:item=3573686365&perks=1482024992,689005463,3161816588,699525795,2839173408
dimwishlist:item=3573686365&perks=1482024992,689005463,1645158859,2213355989,4264904777
dimwishlist:item=3573686365&perks=1482024992,689005463,1645158859,2213355989,2839173408
dimwishlist:item=3573686365&perks=1482024992,689005463,1645158859,1754714824,4264904777
dimwishlist:item=3573686365&perks=1482024992,689005463,1645158859,1754714824,2839173408
dimwishlist:item=3573686365&perks=1482024992,689005463,1645158859,699525795,4264904777
dimwishlist:item=3573686365&perks=1482024992,689005463,1645158859,699525795,2839173408
dimwishlist:item=3573686365&perks=1482024992,689005463,2450788523,2213355989,4264904777
dimwishlist:item=3573686365&perks=1482024992,689005463,2450788523,2213355989,2839173408
dimwishlist:item=3573686365&perks=1482024992,689005463,2450788523,1754714824,4264904777
dimwishlist:item=3573686365&perks=1482024992,689005463,2450788523,1754714824,2839173408
dimwishlist:item=3573686365&perks=1482024992,689005463,2450788523,699525795,4264904777
dimwishlist:item=3573686365&perks=1482024992,689005463,2450788523,699525795,2839173408


// Glacioclasm - P2 (pvp)
//notes: tags:pvp
dimwishlist:item=3573686365&perks=1467527085,3868766766,3161816588,2213355989,4264904777
dimwishlist:item=3573686365&perks=1467527085,3868766766,3161816588,2213355989,2839173408
dimwishlist:item=3573686365&perks=1467527085,3868766766,3161816588,1754714824,4264904777
dimwishlist:item=3573686365&perks=1467527085,3868766766,3161816588,1754714824,2839173408
dimwishlist:item=3573686365&perks=1467527085,3868766766,3161816588,699525795,4264904777
dimwishlist:item=3573686365&perks=1467527085,3868766766,3161816588,699525795,2839173408
dimwishlist:item=3573686365&perks=1467527085,3868766766,1645158859,2213355989,4264904777
dimwishlist:item=3573686365&perks=1467527085,3868766766,1645158859,2213355989,2839173408
dimwishlist:item=3573686365&perks=1467527085,3868766766,1645158859,1754714824,4264904777
dimwishlist:item=3573686365&perks=1467527085,3868766766,1645158859,1754714824,2839173408
dimwishlist:item=3573686365&perks=1467527085,3868766766,1645158859,699525795,4264904777
dimwishlist:item=3573686365&perks=1467527085,3868766766,1645158859,699525795,2839173408
dimwishlist:item=3573686365&perks=1467527085,3868766766,2450788523,2213355989,4264904777
dimwishlist:item=3573686365&perks=1467527085,3868766766,2450788523,2213355989,2839173408
dimwishlist:item=3573686365&perks=1467527085,3868766766,2450788523,1754714824,4264904777
dimwishlist:item=3573686365&perks=1467527085,3868766766,2450788523,1754714824,2839173408
dimwishlist:item=3573686365&perks=1467527085,3868766766,2450788523,699525795,4264904777
dimwishlist:item=3573686365&perks=1467527085,3868766766,2450788523,699525795,2839173408
dimwishlist:item=3573686365&perks=3250034553,3868766766,3161816588,2213355989,4264904777
dimwishlist:item=3573686365&perks=3250034553,3868766766,3161816588,2213355989,2839173408
dimwishlist:item=3573686365&perks=3250034553,3868766766,3161816588,1754714824,4264904777
dimwishlist:item=3573686365&perks=3250034553,3868766766,3161816588,1754714824,2839173408
dimwishlist:item=3573686365&perks=3250034553,3868766766,3161816588,699525795,4264904777
dimwishlist:item=3573686365&perks=3250034553,3868766766,3161816588,699525795,2839173408
dimwishlist:item=3573686365&perks=3250034553,3868766766,1645158859,2213355989,4264904777
dimwishlist:item=3573686365&perks=3250034553,3868766766,1645158859,2213355989,2839173408
dimwishlist:item=3573686365&perks=3250034553,3868766766,1645158859,1754714824,4264904777
dimwishlist:item=3573686365&perks=3250034553,3868766766,1645158859,1754714824,2839173408
dimwishlist:item=3573686365&perks=3250034553,3868766766,1645158859,699525795,4264904777
dimwishlist:item=3573686365&perks=3250034553,3868766766,1645158859,699525795,2839173408
dimwishlist:item=3573686365&perks=3250034553,3868766766,2450788523,2213355989,4264904777
dimwishlist:item=3573686365&perks=3250034553,3868766766,2450788523,2213355989,2839173408
dimwishlist:item=3573686365&perks=3250034553,3868766766,2450788523,1754714824,4264904777
dimwishlist:item=3573686365&perks=3250034553,3868766766,2450788523,1754714824,2839173408
dimwishlist:item=3573686365&perks=3250034553,3868766766,2450788523,699525795,4264904777
dimwishlist:item=3573686365&perks=3250034553,3868766766,2450788523,699525795,2839173408
dimwishlist:item=3573686365&perks=202670084,3868766766,3161816588,2213355989,4264904777
dimwishlist:item=3573686365&perks=202670084,3868766766,3161816588,2213355989,2839173408
dimwishlist:item=3573686365&perks=202670084,3868766766,3161816588,1754714824,4264904777
dimwishlist:item=3573686365&perks=202670084,3868766766,3161816588,1754714824,2839173408
dimwishlist:item=3573686365&perks=202670084,3868766766,3161816588,699525795,4264904777
dimwishlist:item=3573686365&perks=202670084,3868766766,3161816588,699525795,2839173408
dimwishlist:item=3573686365&perks=202670084,3868766766,1645158859,2213355989,4264904777
dimwishlist:item=3573686365&perks=202670084,3868766766,1645158859,2213355989,2839173408
dimwishlist:item=3573686365&perks=202670084,3868766766,1645158859,1754714824,4264904777
dimwishlist:item=3573686365&perks=202670084,3868766766,1645158859,1754714824,2839173408
dimwishlist:item=3573686365&perks=202670084,3868766766,1645158859,699525795,4264904777
dimwishlist:item=3573686365&perks=202670084,3868766766,1645158859,699525795,2839173408
dimwishlist:item=3573686365&perks=202670084,3868766766,2450788523,2213355989,4264904777
dimwishlist:item=3573686365&perks=202670084,3868766766,2450788523,2213355989,2839173408
dimwishlist:item=3573686365&perks=202670084,3868766766,2450788523,1754714824,4264904777
dimwishlist:item=3573686365&perks=202670084,3868766766,2450788523,1754714824,2839173408
dimwishlist:item=3573686365&perks=202670084,3868766766,2450788523,699525795,4264904777
dimwishlist:item=3573686365&perks=202670084,3868766766,2450788523,699525795,2839173408


// Glacioclasm - P3 (pvp)
//notes: tags:pvp
dimwishlist:item=3573686365&perks=1840239774,2969185026,3161816588,2213355989,4264904777
dimwishlist:item=3573686365&perks=1840239774,2969185026,3161816588,2213355989,2839173408
dimwishlist:item=3573686365&perks=1840239774,2969185026,3161816588,1754714824,4264904777
dimwishlist:item=3573686365&perks=1840239774,2969185026,3161816588,1754714824,2839173408
dimwishlist:item=3573686365&perks=1840239774,2969185026,3161816588,699525795,4264904777
dimwishlist:item=3573686365&perks=1840239774,2969185026,3161816588,699525795,2839173408
dimwishlist:item=3573686365&perks=1840239774,2969185026,1645158859,2213355989,4264904777
dimwishlist:item=3573686365&perks=1840239774,2969185026,1645158859,2213355989,2839173408
dimwishlist:item=3573686365&perks=1840239774,2969185026,1645158859,1754714824,4264904777
dimwishlist:item=3573686365&perks=1840239774,2969185026,1645158859,1754714824,2839173408
dimwishlist:item=3573686365&perks=1840239774,2969185026,1645158859,699525795,4264904777
dimwishlist:item=3573686365&perks=1840239774,2969185026,1645158859,699525795,2839173408
dimwishlist:item=3573686365&perks=1840239774,2969185026,2450788523,2213355989,4264904777
dimwishlist:item=3573686365&perks=1840239774,2969185026,2450788523,2213355989,2839173408
dimwishlist:item=3573686365&perks=1840239774,2969185026,2450788523,1754714824,4264904777
dimwishlist:item=3573686365&perks=1840239774,2969185026,2450788523,1754714824,2839173408
dimwishlist:item=3573686365&perks=1840239774,2969185026,2450788523,699525795,4264904777
dimwishlist:item=3573686365&perks=1840239774,2969185026,2450788523,699525795,2839173408
dimwishlist:item=3573686365&perks=1392496348,2969185026,3161816588,2213355989,4264904777
dimwishlist:item=3573686365&perks=1392496348,2969185026,3161816588,2213355989,2839173408
dimwishlist:item=3573686365&perks=1392496348,2969185026,3161816588,1754714824,4264904777
dimwishlist:item=3573686365&perks=1392496348,2969185026,3161816588,1754714824,2839173408
dimwishlist:item=3573686365&perks=1392496348,2969185026,3161816588,699525795,4264904777
dimwishlist:item=3573686365&perks=1392496348,2969185026,3161816588,699525795,2839173408
dimwishlist:item=3573686365&perks=1392496348,2969185026,1645158859,2213355989,4264904777
dimwishlist:item=3573686365&perks=1392496348,2969185026,1645158859,2213355989,2839173408
dimwishlist:item=3573686365&perks=1392496348,2969185026,1645158859,1754714824,4264904777
dimwishlist:item=3573686365&perks=1392496348,2969185026,1645158859,1754714824,2839173408
dimwishlist:item=3573686365&perks=1392496348,2969185026,1645158859,699525795,4264904777
dimwishlist:item=3573686365&perks=1392496348,2969185026,1645158859,699525795,2839173408
dimwishlist:item=3573686365&perks=1392496348,2969185026,2450788523,2213355989,4264904777
dimwishlist:item=3573686365&perks=1392496348,2969185026,2450788523,2213355989,2839173408
dimwishlist:item=3573686365&perks=1392496348,2969185026,2450788523,1754714824,4264904777
dimwishlist:item=3573686365&perks=1392496348,2969185026,2450788523,1754714824,2839173408
dimwishlist:item=3573686365&perks=1392496348,2969185026,2450788523,699525795,4264904777
dimwishlist:item=3573686365&perks=1392496348,2969185026,2450788523,699525795,2839173408


// Glacioclasm - E1 (pve)
//notes: tags:pve
dimwishlist:item=3573686365&perks=3661387068,2680121939,3161816588,1427256713,4264904777
dimwishlist:item=3573686365&perks=3661387068,2680121939,3161816588,1427256713,2839173408
dimwishlist:item=3573686365&perks=3661387068,2680121939,1820235745,1427256713,4264904777
dimwishlist:item=3573686365&perks=3661387068,2680121939,1820235745,1427256713,2839173408
dimwishlist:item=3573686365&perks=3661387068,689005463,3161816588,1427256713,4264904777
dimwishlist:item=3573686365&perks=3661387068,689005463,3161816588,1427256713,2839173408
dimwishlist:item=3573686365&perks=3661387068,689005463,1820235745,1427256713,4264904777
dimwishlist:item=3573686365&perks=3661387068,689005463,1820235745,1427256713,2839173408
dimwishlist:item=3573686365&perks=4090651448,2680121939,3161816588,1427256713,4264904777
dimwishlist:item=3573686365&perks=4090651448,2680121939,3161816588,1427256713,2839173408
dimwishlist:item=3573686365&perks=4090651448,2680121939,1820235745,1427256713,4264904777
dimwishlist:item=3573686365&perks=4090651448,2680121939,1820235745,1427256713,2839173408
dimwishlist:item=3573686365&perks=4090651448,689005463,3161816588,1427256713,4264904777
dimwishlist:item=3573686365&perks=4090651448,689005463,3161816588,1427256713,2839173408
dimwishlist:item=3573686365&perks=4090651448,689005463,1820235745,1427256713,4264904777
dimwishlist:item=3573686365&perks=4090651448,689005463,1820235745,1427256713,2839173408
dimwishlist:item=3573686365&perks=1482024992,2680121939,3161816588,1427256713,4264904777
dimwishlist:item=3573686365&perks=1482024992,2680121939,3161816588,1427256713,2839173408
dimwishlist:item=3573686365&perks=1482024992,2680121939,1820235745,1427256713,4264904777
dimwishlist:item=3573686365&perks=1482024992,2680121939,1820235745,1427256713,2839173408
dimwishlist:item=3573686365&perks=1482024992,689005463,3161816588,1427256713,4264904777
dimwishlist:item=3573686365&perks=1482024992,689005463,3161816588,1427256713,2839173408
dimwishlist:item=3573686365&perks=1482024992,689005463,1820235745,1427256713,4264904777
dimwishlist:item=3573686365&perks=1482024992,689005463,1820235745,1427256713,2839173408


// Glacioclasm - E2 (pve)
//notes: tags:pve
dimwishlist:item=3573686365&perks=3661387068,689005463,1645158859,2213355989,4264904777
dimwishlist:item=3573686365&perks=3661387068,689005463,1645158859,2213355989,2839173408
dimwishlist:item=3573686365&perks=3661387068,2680121939,1645158859,2213355989,4264904777
dimwishlist:item=3573686365&perks=3661387068,2680121939,1645158859,2213355989,2839173408
dimwishlist:item=3573686365&perks=4090651448,689005463,1645158859,2213355989,4264904777
dimwishlist:item=3573686365&perks=4090651448,689005463,1645158859,2213355989,2839173408
dimwishlist:item=3573686365&perks=4090651448,2680121939,1645158859,2213355989,4264904777
dimwishlist:item=3573686365&perks=4090651448,2680121939,1645158859,2213355989,2839173408
dimwishlist:item=3573686365&perks=1482024992,689005463,1645158859,2213355989,4264904777
dimwishlist:item=3573686365&perks=1482024992,689005463,1645158859,2213355989,2839173408
dimwishlist:item=3573686365&perks=1482024992,2680121939,1645158859,2213355989,4264904777
dimwishlist:item=3573686365&perks=1482024992,2680121939,1645158859,2213355989,2839173408


