title:Ikelos Weapons

// IKELOS_SG_v1.0.3 - E2 (god-pve)
//notes: Crafted Roll tags:god-pve
dimwishlist:item=1168625549&perks=466087222,106909392,494941759,781192741
dimwishlist:item=1168625549&perks=466087222,1087426260,494941759,781192741
dimwishlist:item=1168625549&perks=1300023272,106909392,494941759,781192741
dimwishlist:item=1168625549&perks=1300023272,1087426260,494941759,781192741
dimwishlist:item=1168625549&perks=1047830412,106909392,494941759,781192741
dimwishlist:item=1168625549&perks=1047830412,1087426260,494941759,781192741
dimwishlist:item=1168625549&perks=4090651448,106909392,494941759,781192741
dimwishlist:item=1168625549&perks=4090651448,1087426260,494941759,781192741
dimwishlist:item=1168625549&perks=1332244541,106909392,494941759,781192741
dimwishlist:item=1168625549&perks=1332244541,1087426260,494941759,781192741


// IKELOS_SG_v1.0.3 - E1 (pve)
//notes: tags:pve
dimwishlist:item=1168625549&perks=466087222,106909392,1631667848,3708227201
dimwishlist:item=1168625549&perks=466087222,106909392,1631667848,3751912585
dimwishlist:item=1168625549&perks=466087222,106909392,1631667848,2360754333
dimwishlist:item=1168625549&perks=466087222,106909392,1631667848,4082225868
dimwishlist:item=1168625549&perks=466087222,106909392,4071163871,3708227201
dimwishlist:item=1168625549&perks=466087222,106909392,4071163871,3751912585
dimwishlist:item=1168625549&perks=466087222,106909392,4071163871,2360754333
dimwishlist:item=1168625549&perks=466087222,106909392,4071163871,4082225868
dimwishlist:item=1168625549&perks=466087222,106909392,2779035018,3708227201
dimwishlist:item=1168625549&perks=466087222,106909392,2779035018,3751912585
dimwishlist:item=1168625549&perks=466087222,106909392,2779035018,2360754333
dimwishlist:item=1168625549&perks=466087222,106909392,2779035018,4082225868
dimwishlist:item=1168625549&perks=466087222,106909392,1820235745,3708227201
dimwishlist:item=1168625549&perks=466087222,106909392,1820235745,3751912585
dimwishlist:item=1168625549&perks=466087222,106909392,1820235745,2360754333
dimwishlist:item=1168625549&perks=466087222,106909392,1820235745,4082225868
dimwishlist:item=1168625549&perks=466087222,1087426260,1631667848,3708227201
dimwishlist:item=1168625549&perks=466087222,1087426260,1631667848,3751912585
dimwishlist:item=1168625549&perks=466087222,1087426260,1631667848,2360754333
dimwishlist:item=1168625549&perks=466087222,1087426260,1631667848,4082225868
dimwishlist:item=1168625549&perks=466087222,1087426260,4071163871,3708227201
dimwishlist:item=1168625549&perks=466087222,1087426260,4071163871,3751912585
dimwishlist:item=1168625549&perks=466087222,1087426260,4071163871,2360754333
dimwishlist:item=1168625549&perks=466087222,1087426260,4071163871,4082225868
dimwishlist:item=1168625549&perks=466087222,1087426260,2779035018,3708227201
dimwishlist:item=1168625549&perks=466087222,1087426260,2779035018,3751912585
dimwishlist:item=1168625549&perks=466087222,1087426260,2779035018,2360754333
dimwishlist:item=1168625549&perks=466087222,1087426260,2779035018,4082225868
dimwishlist:item=1168625549&perks=466087222,1087426260,1820235745,3708227201
dimwishlist:item=1168625549&perks=466087222,1087426260,1820235745,3751912585
dimwishlist:item=1168625549&perks=466087222,1087426260,1820235745,2360754333
dimwishlist:item=1168625549&perks=466087222,1087426260,1820235745,4082225868
dimwishlist:item=1168625549&perks=1300023272,106909392,1631667848,3708227201
dimwishlist:item=1168625549&perks=1300023272,106909392,1631667848,3751912585
dimwishlist:item=1168625549&perks=1300023272,106909392,1631667848,2360754333
dimwishlist:item=1168625549&perks=1300023272,106909392,1631667848,4082225868
dimwishlist:item=1168625549&perks=1300023272,106909392,4071163871,3708227201
dimwishlist:item=1168625549&perks=1300023272,106909392,4071163871,3751912585
dimwishlist:item=1168625549&perks=1300023272,106909392,4071163871,2360754333
dimwishlist:item=1168625549&perks=1300023272,106909392,4071163871,4082225868
dimwishlist:item=1168625549&perks=1300023272,106909392,2779035018,3708227201
dimwishlist:item=1168625549&perks=1300023272,106909392,2779035018,3751912585
dimwishlist:item=1168625549&perks=1300023272,106909392,2779035018,2360754333
dimwishlist:item=1168625549&perks=1300023272,106909392,2779035018,4082225868
dimwishlist:item=1168625549&perks=1300023272,106909392,1820235745,3708227201
dimwishlist:item=1168625549&perks=1300023272,106909392,1820235745,3751912585
dimwishlist:item=1168625549&perks=1300023272,106909392,1820235745,2360754333
dimwishlist:item=1168625549&perks=1300023272,106909392,1820235745,4082225868
dimwishlist:item=1168625549&perks=1300023272,1087426260,1631667848,3708227201
dimwishlist:item=1168625549&perks=1300023272,1087426260,1631667848,3751912585
dimwishlist:item=1168625549&perks=1300023272,1087426260,1631667848,2360754333
dimwishlist:item=1168625549&perks=1300023272,1087426260,1631667848,4082225868
dimwishlist:item=1168625549&perks=1300023272,1087426260,4071163871,3708227201
dimwishlist:item=1168625549&perks=1300023272,1087426260,4071163871,3751912585
dimwishlist:item=1168625549&perks=1300023272,1087426260,4071163871,2360754333
dimwishlist:item=1168625549&perks=1300023272,1087426260,4071163871,4082225868
dimwishlist:item=1168625549&perks=1300023272,1087426260,2779035018,3708227201
dimwishlist:item=1168625549&perks=1300023272,1087426260,2779035018,3751912585
dimwishlist:item=1168625549&perks=1300023272,1087426260,2779035018,2360754333
dimwishlist:item=1168625549&perks=1300023272,1087426260,2779035018,4082225868
dimwishlist:item=1168625549&perks=1300023272,1087426260,1820235745,3708227201
dimwishlist:item=1168625549&perks=1300023272,1087426260,1820235745,3751912585
dimwishlist:item=1168625549&perks=1300023272,1087426260,1820235745,2360754333
dimwishlist:item=1168625549&perks=1300023272,1087426260,1820235745,4082225868
dimwishlist:item=1168625549&perks=1047830412,106909392,1631667848,3708227201
dimwishlist:item=1168625549&perks=1047830412,106909392,1631667848,3751912585
dimwishlist:item=1168625549&perks=1047830412,106909392,1631667848,2360754333
dimwishlist:item=1168625549&perks=1047830412,106909392,1631667848,4082225868
dimwishlist:item=1168625549&perks=1047830412,106909392,4071163871,3708227201
dimwishlist:item=1168625549&perks=1047830412,106909392,4071163871,3751912585
dimwishlist:item=1168625549&perks=1047830412,106909392,4071163871,2360754333
dimwishlist:item=1168625549&perks=1047830412,106909392,4071163871,4082225868
dimwishlist:item=1168625549&perks=1047830412,106909392,2779035018,3708227201
dimwishlist:item=1168625549&perks=1047830412,106909392,2779035018,3751912585
dimwishlist:item=1168625549&perks=1047830412,106909392,2779035018,2360754333
dimwishlist:item=1168625549&perks=1047830412,106909392,2779035018,4082225868
dimwishlist:item=1168625549&perks=1047830412,106909392,1820235745,3708227201
dimwishlist:item=1168625549&perks=1047830412,106909392,1820235745,3751912585
dimwishlist:item=1168625549&perks=1047830412,106909392,1820235745,2360754333
dimwishlist:item=1168625549&perks=1047830412,106909392,1820235745,4082225868
dimwishlist:item=1168625549&perks=1047830412,1087426260,1631667848,3708227201
dimwishlist:item=1168625549&perks=1047830412,1087426260,1631667848,3751912585
dimwishlist:item=1168625549&perks=1047830412,1087426260,1631667848,2360754333
dimwishlist:item=1168625549&perks=1047830412,1087426260,1631667848,4082225868
dimwishlist:item=1168625549&perks=1047830412,1087426260,4071163871,3708227201
dimwishlist:item=1168625549&perks=1047830412,1087426260,4071163871,3751912585
dimwishlist:item=1168625549&perks=1047830412,1087426260,4071163871,2360754333
dimwishlist:item=1168625549&perks=1047830412,1087426260,4071163871,4082225868
dimwishlist:item=1168625549&perks=1047830412,1087426260,2779035018,3708227201
dimwishlist:item=1168625549&perks=1047830412,1087426260,2779035018,3751912585
dimwishlist:item=1168625549&perks=1047830412,1087426260,2779035018,2360754333
dimwishlist:item=1168625549&perks=1047830412,1087426260,2779035018,4082225868
dimwishlist:item=1168625549&perks=1047830412,1087426260,1820235745,3708227201
dimwishlist:item=1168625549&perks=1047830412,1087426260,1820235745,3751912585
dimwishlist:item=1168625549&perks=1047830412,1087426260,1820235745,2360754333
dimwishlist:item=1168625549&perks=1047830412,1087426260,1820235745,4082225868
dimwishlist:item=1168625549&perks=4090651448,106909392,1631667848,3708227201
dimwishlist:item=1168625549&perks=4090651448,106909392,1631667848,3751912585
dimwishlist:item=1168625549&perks=4090651448,106909392,1631667848,2360754333
dimwishlist:item=1168625549&perks=4090651448,106909392,1631667848,4082225868
dimwishlist:item=1168625549&perks=4090651448,106909392,4071163871,3708227201
dimwishlist:item=1168625549&perks=4090651448,106909392,4071163871,3751912585
dimwishlist:item=1168625549&perks=4090651448,106909392,4071163871,2360754333
dimwishlist:item=1168625549&perks=4090651448,106909392,4071163871,4082225868
dimwishlist:item=1168625549&perks=4090651448,106909392,2779035018,3708227201
dimwishlist:item=1168625549&perks=4090651448,106909392,2779035018,3751912585
dimwishlist:item=1168625549&perks=4090651448,106909392,2779035018,2360754333
dimwishlist:item=1168625549&perks=4090651448,106909392,2779035018,4082225868
dimwishlist:item=1168625549&perks=4090651448,106909392,1820235745,3708227201
dimwishlist:item=1168625549&perks=4090651448,106909392,1820235745,3751912585
dimwishlist:item=1168625549&perks=4090651448,106909392,1820235745,2360754333
dimwishlist:item=1168625549&perks=4090651448,106909392,1820235745,4082225868
dimwishlist:item=1168625549&perks=4090651448,1087426260,1631667848,3708227201
dimwishlist:item=1168625549&perks=4090651448,1087426260,1631667848,3751912585
dimwishlist:item=1168625549&perks=4090651448,1087426260,1631667848,2360754333
dimwishlist:item=1168625549&perks=4090651448,1087426260,1631667848,4082225868
dimwishlist:item=1168625549&perks=4090651448,1087426260,4071163871,3708227201
dimwishlist:item=1168625549&perks=4090651448,1087426260,4071163871,3751912585
dimwishlist:item=1168625549&perks=4090651448,1087426260,4071163871,2360754333
dimwishlist:item=1168625549&perks=4090651448,1087426260,4071163871,4082225868
dimwishlist:item=1168625549&perks=4090651448,1087426260,2779035018,3708227201
dimwishlist:item=1168625549&perks=4090651448,1087426260,2779035018,3751912585
dimwishlist:item=1168625549&perks=4090651448,1087426260,2779035018,2360754333
dimwishlist:item=1168625549&perks=4090651448,1087426260,2779035018,4082225868
dimwishlist:item=1168625549&perks=4090651448,1087426260,1820235745,3708227201
dimwishlist:item=1168625549&perks=4090651448,1087426260,1820235745,3751912585
dimwishlist:item=1168625549&perks=4090651448,1087426260,1820235745,2360754333
dimwishlist:item=1168625549&perks=4090651448,1087426260,1820235745,4082225868
dimwishlist:item=1168625549&perks=1332244541,106909392,1631667848,3708227201
dimwishlist:item=1168625549&perks=1332244541,106909392,1631667848,3751912585
dimwishlist:item=1168625549&perks=1332244541,106909392,1631667848,2360754333
dimwishlist:item=1168625549&perks=1332244541,106909392,1631667848,4082225868
dimwishlist:item=1168625549&perks=1332244541,106909392,4071163871,3708227201
dimwishlist:item=1168625549&perks=1332244541,106909392,4071163871,3751912585
dimwishlist:item=1168625549&perks=1332244541,106909392,4071163871,2360754333
dimwishlist:item=1168625549&perks=1332244541,106909392,4071163871,4082225868
dimwishlist:item=1168625549&perks=1332244541,106909392,2779035018,3708227201
dimwishlist:item=1168625549&perks=1332244541,106909392,2779035018,3751912585
dimwishlist:item=1168625549&perks=1332244541,106909392,2779035018,2360754333
dimwishlist:item=1168625549&perks=1332244541,106909392,2779035018,4082225868
dimwishlist:item=1168625549&perks=1332244541,106909392,1820235745,3708227201
dimwishlist:item=1168625549&perks=1332244541,106909392,1820235745,3751912585
dimwishlist:item=1168625549&perks=1332244541,106909392,1820235745,2360754333
dimwishlist:item=1168625549&perks=1332244541,106909392,1820235745,4082225868
dimwishlist:item=1168625549&perks=1332244541,1087426260,1631667848,3708227201
dimwishlist:item=1168625549&perks=1332244541,1087426260,1631667848,3751912585
dimwishlist:item=1168625549&perks=1332244541,1087426260,1631667848,2360754333
dimwishlist:item=1168625549&perks=1332244541,1087426260,1631667848,4082225868
dimwishlist:item=1168625549&perks=1332244541,1087426260,4071163871,3708227201
dimwishlist:item=1168625549&perks=1332244541,1087426260,4071163871,3751912585
dimwishlist:item=1168625549&perks=1332244541,1087426260,4071163871,2360754333
dimwishlist:item=1168625549&perks=1332244541,1087426260,4071163871,4082225868
dimwishlist:item=1168625549&perks=1332244541,1087426260,2779035018,3708227201
dimwishlist:item=1168625549&perks=1332244541,1087426260,2779035018,3751912585
dimwishlist:item=1168625549&perks=1332244541,1087426260,2779035018,2360754333
dimwishlist:item=1168625549&perks=1332244541,1087426260,2779035018,4082225868
dimwishlist:item=1168625549&perks=1332244541,1087426260,1820235745,3708227201
dimwishlist:item=1168625549&perks=1332244541,1087426260,1820235745,3751912585
dimwishlist:item=1168625549&perks=1332244541,1087426260,1820235745,2360754333
dimwishlist:item=1168625549&perks=1332244541,1087426260,1820235745,4082225868


// IKELOS_SMG_v1.0.3 - E1 (god-pve)
//notes: Arc tags:god-pve
dimwishlist:item=2149683300&perks=4090651448,3230963543,2779035018,2173046394,566815328
dimwishlist:item=2149683300&perks=4090651448,1140096971,2779035018,2173046394,566815328
dimwishlist:item=2149683300&perks=4090651448,1087426260,2779035018,2173046394,566815328
dimwishlist:item=2149683300&perks=1482024992,3230963543,2779035018,2173046394,566815328
dimwishlist:item=2149683300&perks=1482024992,1140096971,2779035018,2173046394,566815328
dimwishlist:item=2149683300&perks=1482024992,1087426260,2779035018,2173046394,566815328
dimwishlist:item=2149683300&perks=1840239774,3230963543,2779035018,2173046394,566815328
dimwishlist:item=2149683300&perks=1840239774,1140096971,2779035018,2173046394,566815328
dimwishlist:item=2149683300&perks=1840239774,1087426260,2779035018,2173046394,566815328


// IKELOS_SMG_v1.0.3 - E2 (pve)
//notes: Long Range SMG tags:pve
dimwishlist:item=2149683300&perks=4090651448,1087426260,1359896290,2846385770,566815328
dimwishlist:item=2149683300&perks=4090651448,1087426260,1359896290,4104185692,566815328
dimwishlist:item=2149683300&perks=4090651448,2420895100,1359896290,2846385770,566815328
dimwishlist:item=2149683300&perks=4090651448,2420895100,1359896290,4104185692,566815328
dimwishlist:item=2149683300&perks=1482024992,1087426260,1359896290,2846385770,566815328
dimwishlist:item=2149683300&perks=1482024992,1087426260,1359896290,4104185692,566815328
dimwishlist:item=2149683300&perks=1482024992,2420895100,1359896290,2846385770,566815328
dimwishlist:item=2149683300&perks=1482024992,2420895100,1359896290,4104185692,566815328
dimwishlist:item=2149683300&perks=1840239774,1087426260,1359896290,2846385770,566815328
dimwishlist:item=2149683300&perks=1840239774,1087426260,1359896290,4104185692,566815328
dimwishlist:item=2149683300&perks=1840239774,2420895100,1359896290,2846385770,566815328
dimwishlist:item=2149683300&perks=1840239774,2420895100,1359896290,4104185692,566815328


// IKELOS_SR_v1.0.3 - E1 (pve)
//notes: tags:pve
dimwishlist:item=2302346155&perks=839105230,1140096971,1354429876,2896038713,566815328
dimwishlist:item=2302346155&perks=839105230,1140096971,1354429876,4293542123,566815328
dimwishlist:item=2302346155&perks=839105230,1140096971,1354429876,2213355989,566815328
dimwishlist:item=2302346155&perks=839105230,1140096971,3643424744,2896038713,566815328
dimwishlist:item=2302346155&perks=839105230,1140096971,3643424744,4293542123,566815328
dimwishlist:item=2302346155&perks=839105230,1140096971,3643424744,2213355989,566815328
dimwishlist:item=2302346155&perks=839105230,1087426260,1354429876,2896038713,566815328
dimwishlist:item=2302346155&perks=839105230,1087426260,1354429876,4293542123,566815328
dimwishlist:item=2302346155&perks=839105230,1087426260,1354429876,2213355989,566815328
dimwishlist:item=2302346155&perks=839105230,1087426260,3643424744,2896038713,566815328
dimwishlist:item=2302346155&perks=839105230,1087426260,3643424744,4293542123,566815328
dimwishlist:item=2302346155&perks=839105230,1087426260,3643424744,2213355989,566815328
dimwishlist:item=2302346155&perks=839105230,106909392,1354429876,2896038713,566815328
dimwishlist:item=2302346155&perks=839105230,106909392,1354429876,4293542123,566815328
dimwishlist:item=2302346155&perks=839105230,106909392,1354429876,2213355989,566815328
dimwishlist:item=2302346155&perks=839105230,106909392,3643424744,2896038713,566815328
dimwishlist:item=2302346155&perks=839105230,106909392,3643424744,4293542123,566815328
dimwishlist:item=2302346155&perks=839105230,106909392,3643424744,2213355989,566815328
dimwishlist:item=2302346155&perks=4090651448,1140096971,1354429876,2896038713,566815328
dimwishlist:item=2302346155&perks=4090651448,1140096971,1354429876,4293542123,566815328
dimwishlist:item=2302346155&perks=4090651448,1140096971,1354429876,2213355989,566815328
dimwishlist:item=2302346155&perks=4090651448,1140096971,3643424744,2896038713,566815328
dimwishlist:item=2302346155&perks=4090651448,1140096971,3643424744,4293542123,566815328
dimwishlist:item=2302346155&perks=4090651448,1140096971,3643424744,2213355989,566815328
dimwishlist:item=2302346155&perks=4090651448,1087426260,1354429876,2896038713,566815328
dimwishlist:item=2302346155&perks=4090651448,1087426260,1354429876,4293542123,566815328
dimwishlist:item=2302346155&perks=4090651448,1087426260,1354429876,2213355989,566815328
dimwishlist:item=2302346155&perks=4090651448,1087426260,3643424744,2896038713,566815328
dimwishlist:item=2302346155&perks=4090651448,1087426260,3643424744,4293542123,566815328
dimwishlist:item=2302346155&perks=4090651448,1087426260,3643424744,2213355989,566815328
dimwishlist:item=2302346155&perks=4090651448,106909392,1354429876,2896038713,566815328
dimwishlist:item=2302346155&perks=4090651448,106909392,1354429876,4293542123,566815328
dimwishlist:item=2302346155&perks=4090651448,106909392,1354429876,2213355989,566815328
dimwishlist:item=2302346155&perks=4090651448,106909392,3643424744,2896038713,566815328
dimwishlist:item=2302346155&perks=4090651448,106909392,3643424744,4293542123,566815328
dimwishlist:item=2302346155&perks=4090651448,106909392,3643424744,2213355989,566815328
dimwishlist:item=2302346155&perks=1840239774,1140096971,1354429876,2896038713,566815328
dimwishlist:item=2302346155&perks=1840239774,1140096971,1354429876,4293542123,566815328
dimwishlist:item=2302346155&perks=1840239774,1140096971,1354429876,2213355989,566815328
dimwishlist:item=2302346155&perks=1840239774,1140096971,3643424744,2896038713,566815328
dimwishlist:item=2302346155&perks=1840239774,1140096971,3643424744,4293542123,566815328
dimwishlist:item=2302346155&perks=1840239774,1140096971,3643424744,2213355989,566815328
dimwishlist:item=2302346155&perks=1840239774,1087426260,1354429876,2896038713,566815328
dimwishlist:item=2302346155&perks=1840239774,1087426260,1354429876,4293542123,566815328
dimwishlist:item=2302346155&perks=1840239774,1087426260,1354429876,2213355989,566815328
dimwishlist:item=2302346155&perks=1840239774,1087426260,3643424744,2896038713,566815328
dimwishlist:item=2302346155&perks=1840239774,1087426260,3643424744,4293542123,566815328
dimwishlist:item=2302346155&perks=1840239774,1087426260,3643424744,2213355989,566815328
dimwishlist:item=2302346155&perks=1840239774,106909392,1354429876,2896038713,566815328
dimwishlist:item=2302346155&perks=1840239774,106909392,1354429876,4293542123,566815328
dimwishlist:item=2302346155&perks=1840239774,106909392,1354429876,2213355989,566815328
dimwishlist:item=2302346155&perks=1840239774,106909392,3643424744,2896038713,566815328
dimwishlist:item=2302346155&perks=1840239774,106909392,3643424744,4293542123,566815328
dimwishlist:item=2302346155&perks=1840239774,106909392,3643424744,2213355989,566815328
dimwishlist:item=2302346155&perks=3250034553,1140096971,1354429876,2896038713,566815328
dimwishlist:item=2302346155&perks=3250034553,1140096971,1354429876,4293542123,566815328
dimwishlist:item=2302346155&perks=3250034553,1140096971,1354429876,2213355989,566815328
dimwishlist:item=2302346155&perks=3250034553,1140096971,3643424744,2896038713,566815328
dimwishlist:item=2302346155&perks=3250034553,1140096971,3643424744,4293542123,566815328
dimwishlist:item=2302346155&perks=3250034553,1140096971,3643424744,2213355989,566815328
dimwishlist:item=2302346155&perks=3250034553,1087426260,1354429876,2896038713,566815328
dimwishlist:item=2302346155&perks=3250034553,1087426260,1354429876,4293542123,566815328
dimwishlist:item=2302346155&perks=3250034553,1087426260,1354429876,2213355989,566815328
dimwishlist:item=2302346155&perks=3250034553,1087426260,3643424744,2896038713,566815328
dimwishlist:item=2302346155&perks=3250034553,1087426260,3643424744,4293542123,566815328
dimwishlist:item=2302346155&perks=3250034553,1087426260,3643424744,2213355989,566815328
dimwishlist:item=2302346155&perks=3250034553,106909392,1354429876,2896038713,566815328
dimwishlist:item=2302346155&perks=3250034553,106909392,1354429876,4293542123,566815328
dimwishlist:item=2302346155&perks=3250034553,106909392,1354429876,2213355989,566815328
dimwishlist:item=2302346155&perks=3250034553,106909392,3643424744,2896038713,566815328
dimwishlist:item=2302346155&perks=3250034553,106909392,3643424744,4293542123,566815328
dimwishlist:item=2302346155&perks=3250034553,106909392,3643424744,2213355989,566815328
dimwishlist:item=2302346155&perks=1392496348,1140096971,1354429876,2896038713,566815328
dimwishlist:item=2302346155&perks=1392496348,1140096971,1354429876,4293542123,566815328
dimwishlist:item=2302346155&perks=1392496348,1140096971,1354429876,2213355989,566815328
dimwishlist:item=2302346155&perks=1392496348,1140096971,3643424744,2896038713,566815328
dimwishlist:item=2302346155&perks=1392496348,1140096971,3643424744,4293542123,566815328
dimwishlist:item=2302346155&perks=1392496348,1140096971,3643424744,2213355989,566815328
dimwishlist:item=2302346155&perks=1392496348,1087426260,1354429876,2896038713,566815328
dimwishlist:item=2302346155&perks=1392496348,1087426260,1354429876,4293542123,566815328
dimwishlist:item=2302346155&perks=1392496348,1087426260,1354429876,2213355989,566815328
dimwishlist:item=2302346155&perks=1392496348,1087426260,3643424744,2896038713,566815328
dimwishlist:item=2302346155&perks=1392496348,1087426260,3643424744,4293542123,566815328
dimwishlist:item=2302346155&perks=1392496348,1087426260,3643424744,2213355989,566815328
dimwishlist:item=2302346155&perks=1392496348,106909392,1354429876,2896038713,566815328
dimwishlist:item=2302346155&perks=1392496348,106909392,1354429876,4293542123,566815328
dimwishlist:item=2302346155&perks=1392496348,106909392,1354429876,2213355989,566815328
dimwishlist:item=2302346155&perks=1392496348,106909392,3643424744,2896038713,566815328
dimwishlist:item=2302346155&perks=1392496348,106909392,3643424744,4293542123,566815328
dimwishlist:item=2302346155&perks=1392496348,106909392,3643424744,2213355989,566815328
dimwishlist:item=2302346155&perks=1482024992,1140096971,1354429876,2896038713,566815328
dimwishlist:item=2302346155&perks=1482024992,1140096971,1354429876,4293542123,566815328
dimwishlist:item=2302346155&perks=1482024992,1140096971,1354429876,2213355989,566815328
dimwishlist:item=2302346155&perks=1482024992,1140096971,3643424744,2896038713,566815328
dimwishlist:item=2302346155&perks=1482024992,1140096971,3643424744,4293542123,566815328
dimwishlist:item=2302346155&perks=1482024992,1140096971,3643424744,2213355989,566815328
dimwishlist:item=2302346155&perks=1482024992,1087426260,1354429876,2896038713,566815328
dimwishlist:item=2302346155&perks=1482024992,1087426260,1354429876,4293542123,566815328
dimwishlist:item=2302346155&perks=1482024992,1087426260,1354429876,2213355989,566815328
dimwishlist:item=2302346155&perks=1482024992,1087426260,3643424744,2896038713,566815328
dimwishlist:item=2302346155&perks=1482024992,1087426260,3643424744,4293542123,566815328
dimwishlist:item=2302346155&perks=1482024992,1087426260,3643424744,2213355989,566815328
dimwishlist:item=2302346155&perks=1482024992,106909392,1354429876,2896038713,566815328
dimwishlist:item=2302346155&perks=1482024992,106909392,1354429876,4293542123,566815328
dimwishlist:item=2302346155&perks=1482024992,106909392,1354429876,2213355989,566815328
dimwishlist:item=2302346155&perks=1482024992,106909392,3643424744,2896038713,566815328
dimwishlist:item=2302346155&perks=1482024992,106909392,3643424744,4293542123,566815328
dimwishlist:item=2302346155&perks=1482024992,106909392,3643424744,2213355989,566815328


// IKELOS_SR_v1.0.3 ()
dimwishlist:item=2302346155&perks=


