title:Other Season 19 Weapons

// Lodbrok-C - E1 (god-pve)
//notes: tags:god-pve
dimwishlist:item=2328531378&perks=4090651448,1885400500,1354429876,365154968,1607056502


// Lodbrok-C - P1 (god-pvp)
//notes: Fastest Damage tags:god-pvp
dimwishlist:item=2328531378&perks=839105230,1885400500,1359896290,365154968,1607056502


// Lodbrok-C - P2 (god-pvp)
//notes: Longest Range tags:god-pvp
dimwishlist:item=2328531378&perks=3661387068,679225683,1359896290,1015611457,1607056502


// Prolonged Engagement - E1 (god-pve)
//notes: tags:god-pve
dimwishlist:item=2349907931&perks=839105230,1885400500,2450788523,3708227201,744217850
dimwishlist:item=2349907931&perks=839105230,1885400500,2450788523,4104185692,744217850
dimwishlist:item=2349907931&perks=839105230,1885400500,2450788523,365154968,744217850
dimwishlist:item=2349907931&perks=839105230,1885400500,2450788523,124408337,744217850
dimwishlist:item=2349907931&perks=839105230,1885400500,2779035018,3708227201,744217850
dimwishlist:item=2349907931&perks=839105230,1885400500,2779035018,4104185692,744217850
dimwishlist:item=2349907931&perks=839105230,1885400500,2779035018,365154968,744217850
dimwishlist:item=2349907931&perks=839105230,1885400500,2779035018,124408337,744217850
dimwishlist:item=2349907931&perks=839105230,1885400500,1820235745,3708227201,744217850
dimwishlist:item=2349907931&perks=839105230,1885400500,1820235745,4104185692,744217850
dimwishlist:item=2349907931&perks=839105230,1885400500,1820235745,365154968,744217850
dimwishlist:item=2349907931&perks=839105230,1885400500,1820235745,124408337,744217850
dimwishlist:item=2349907931&perks=839105230,1968497646,2450788523,3708227201,744217850
dimwishlist:item=2349907931&perks=839105230,1968497646,2450788523,4104185692,744217850
dimwishlist:item=2349907931&perks=839105230,1968497646,2450788523,365154968,744217850
dimwishlist:item=2349907931&perks=839105230,1968497646,2450788523,124408337,744217850
dimwishlist:item=2349907931&perks=839105230,1968497646,2779035018,3708227201,744217850
dimwishlist:item=2349907931&perks=839105230,1968497646,2779035018,4104185692,744217850
dimwishlist:item=2349907931&perks=839105230,1968497646,2779035018,365154968,744217850
dimwishlist:item=2349907931&perks=839105230,1968497646,2779035018,124408337,744217850
dimwishlist:item=2349907931&perks=839105230,1968497646,1820235745,3708227201,744217850
dimwishlist:item=2349907931&perks=839105230,1968497646,1820235745,4104185692,744217850
dimwishlist:item=2349907931&perks=839105230,1968497646,1820235745,365154968,744217850
dimwishlist:item=2349907931&perks=839105230,1968497646,1820235745,124408337,744217850
dimwishlist:item=2349907931&perks=4090651448,1885400500,2450788523,3708227201,744217850
dimwishlist:item=2349907931&perks=4090651448,1885400500,2450788523,4104185692,744217850
dimwishlist:item=2349907931&perks=4090651448,1885400500,2450788523,365154968,744217850
dimwishlist:item=2349907931&perks=4090651448,1885400500,2450788523,124408337,744217850
dimwishlist:item=2349907931&perks=4090651448,1885400500,2779035018,3708227201,744217850
dimwishlist:item=2349907931&perks=4090651448,1885400500,2779035018,4104185692,744217850
dimwishlist:item=2349907931&perks=4090651448,1885400500,2779035018,365154968,744217850
dimwishlist:item=2349907931&perks=4090651448,1885400500,2779035018,124408337,744217850
dimwishlist:item=2349907931&perks=4090651448,1885400500,1820235745,3708227201,744217850
dimwishlist:item=2349907931&perks=4090651448,1885400500,1820235745,4104185692,744217850
dimwishlist:item=2349907931&perks=4090651448,1885400500,1820235745,365154968,744217850
dimwishlist:item=2349907931&perks=4090651448,1885400500,1820235745,124408337,744217850
dimwishlist:item=2349907931&perks=4090651448,1968497646,2450788523,3708227201,744217850
dimwishlist:item=2349907931&perks=4090651448,1968497646,2450788523,4104185692,744217850
dimwishlist:item=2349907931&perks=4090651448,1968497646,2450788523,365154968,744217850
dimwishlist:item=2349907931&perks=4090651448,1968497646,2450788523,124408337,744217850
dimwishlist:item=2349907931&perks=4090651448,1968497646,2779035018,3708227201,744217850
dimwishlist:item=2349907931&perks=4090651448,1968497646,2779035018,4104185692,744217850
dimwishlist:item=2349907931&perks=4090651448,1968497646,2779035018,365154968,744217850
dimwishlist:item=2349907931&perks=4090651448,1968497646,2779035018,124408337,744217850
dimwishlist:item=2349907931&perks=4090651448,1968497646,1820235745,3708227201,744217850
dimwishlist:item=2349907931&perks=4090651448,1968497646,1820235745,4104185692,744217850
dimwishlist:item=2349907931&perks=4090651448,1968497646,1820235745,365154968,744217850
dimwishlist:item=2349907931&perks=4090651448,1968497646,1820235745,124408337,744217850
dimwishlist:item=2349907931&perks=3661387068,1885400500,2450788523,3708227201,744217850
dimwishlist:item=2349907931&perks=3661387068,1885400500,2450788523,4104185692,744217850
dimwishlist:item=2349907931&perks=3661387068,1885400500,2450788523,365154968,744217850
dimwishlist:item=2349907931&perks=3661387068,1885400500,2450788523,124408337,744217850
dimwishlist:item=2349907931&perks=3661387068,1885400500,2779035018,3708227201,744217850
dimwishlist:item=2349907931&perks=3661387068,1885400500,2779035018,4104185692,744217850
dimwishlist:item=2349907931&perks=3661387068,1885400500,2779035018,365154968,744217850
dimwishlist:item=2349907931&perks=3661387068,1885400500,2779035018,124408337,744217850
dimwishlist:item=2349907931&perks=3661387068,1885400500,1820235745,3708227201,744217850
dimwishlist:item=2349907931&perks=3661387068,1885400500,1820235745,4104185692,744217850
dimwishlist:item=2349907931&perks=3661387068,1885400500,1820235745,365154968,744217850
dimwishlist:item=2349907931&perks=3661387068,1885400500,1820235745,124408337,744217850
dimwishlist:item=2349907931&perks=3661387068,1968497646,2450788523,3708227201,744217850
dimwishlist:item=2349907931&perks=3661387068,1968497646,2450788523,4104185692,744217850
dimwishlist:item=2349907931&perks=3661387068,1968497646,2450788523,365154968,744217850
dimwishlist:item=2349907931&perks=3661387068,1968497646,2450788523,124408337,744217850
dimwishlist:item=2349907931&perks=3661387068,1968497646,2779035018,3708227201,744217850
dimwishlist:item=2349907931&perks=3661387068,1968497646,2779035018,4104185692,744217850
dimwishlist:item=2349907931&perks=3661387068,1968497646,2779035018,365154968,744217850
dimwishlist:item=2349907931&perks=3661387068,1968497646,2779035018,124408337,744217850
dimwishlist:item=2349907931&perks=3661387068,1968497646,1820235745,3708227201,744217850
dimwishlist:item=2349907931&perks=3661387068,1968497646,1820235745,4104185692,744217850
dimwishlist:item=2349907931&perks=3661387068,1968497646,1820235745,365154968,744217850
dimwishlist:item=2349907931&perks=3661387068,1968497646,1820235745,124408337,744217850


