title:Retro

// Prolonged Engagement - CoolGuy 2 (god-pve)
//notes: *RANGE MW*

Ref: https://www.youtube.com/watch?v=zxOzBJjv36g tags:god-pve
dimwishlist:item=2349907931&perks=839105230,3230963543,1820235745,365154968,3988215619
dimwishlist:item=2349907931&perks=839105230,1087426260,1820235745,365154968,3988215619
dimwishlist:item=2349907931&perks=4090651448,3230963543,1820235745,365154968,3988215619
dimwishlist:item=2349907931&perks=4090651448,1087426260,1820235745,365154968,3988215619
dimwishlist:item=2349907931&perks=1467527085,3230963543,1820235745,365154968,3988215619
dimwishlist:item=2349907931&perks=1467527085,1087426260,1820235745,365154968,3988215619
dimwishlist:item=2349907931&perks=3250034553,3230963543,1820235745,365154968,3988215619
dimwishlist:item=2349907931&perks=3250034553,1087426260,1820235745,365154968,3988215619
dimwishlist:item=2349907931&perks=1482024992,3230963543,1820235745,365154968,3988215619
dimwishlist:item=2349907931&perks=1482024992,1087426260,1820235745,365154968,3988215619


// Prolonged Engagement - CoolGuy (god-pve)
//notes: *RANGE MW*

Ref: https://www.youtube.com/watch?v=zxOzBJjv36g tags:god-pve
dimwishlist:item=2349907931&perks=839105230,3230963543,2779035018,3708227201,3988215619
dimwishlist:item=2349907931&perks=839105230,3230963543,2779035018,4049631843,3988215619
dimwishlist:item=2349907931&perks=839105230,3230963543,2779035018,4104185692,3988215619
dimwishlist:item=2349907931&perks=839105230,3230963543,2779035018,124408337,3988215619
dimwishlist:item=2349907931&perks=839105230,3230963543,2779035018,3673922083,3988215619
dimwishlist:item=2349907931&perks=839105230,3230963543,1820235745,3708227201,3988215619
dimwishlist:item=2349907931&perks=839105230,3230963543,1820235745,4049631843,3988215619
dimwishlist:item=2349907931&perks=839105230,3230963543,1820235745,4104185692,3988215619
dimwishlist:item=2349907931&perks=839105230,3230963543,1820235745,124408337,3988215619
dimwishlist:item=2349907931&perks=839105230,3230963543,1820235745,3673922083,3988215619
dimwishlist:item=2349907931&perks=839105230,1087426260,2779035018,3708227201,3988215619
dimwishlist:item=2349907931&perks=839105230,1087426260,2779035018,4049631843,3988215619
dimwishlist:item=2349907931&perks=839105230,1087426260,2779035018,4104185692,3988215619
dimwishlist:item=2349907931&perks=839105230,1087426260,2779035018,124408337,3988215619
dimwishlist:item=2349907931&perks=839105230,1087426260,2779035018,3673922083,3988215619
dimwishlist:item=2349907931&perks=839105230,1087426260,1820235745,3708227201,3988215619
dimwishlist:item=2349907931&perks=839105230,1087426260,1820235745,4049631843,3988215619
dimwishlist:item=2349907931&perks=839105230,1087426260,1820235745,4104185692,3988215619
dimwishlist:item=2349907931&perks=839105230,1087426260,1820235745,124408337,3988215619
dimwishlist:item=2349907931&perks=839105230,1087426260,1820235745,3673922083,3988215619
dimwishlist:item=2349907931&perks=4090651448,3230963543,2779035018,3708227201,3988215619
dimwishlist:item=2349907931&perks=4090651448,3230963543,2779035018,4049631843,3988215619
dimwishlist:item=2349907931&perks=4090651448,3230963543,2779035018,4104185692,3988215619
dimwishlist:item=2349907931&perks=4090651448,3230963543,2779035018,124408337,3988215619
dimwishlist:item=2349907931&perks=4090651448,3230963543,2779035018,3673922083,3988215619
dimwishlist:item=2349907931&perks=4090651448,3230963543,1820235745,3708227201,3988215619
dimwishlist:item=2349907931&perks=4090651448,3230963543,1820235745,4049631843,3988215619
dimwishlist:item=2349907931&perks=4090651448,3230963543,1820235745,4104185692,3988215619
dimwishlist:item=2349907931&perks=4090651448,3230963543,1820235745,124408337,3988215619
dimwishlist:item=2349907931&perks=4090651448,3230963543,1820235745,3673922083,3988215619
dimwishlist:item=2349907931&perks=4090651448,1087426260,2779035018,3708227201,3988215619
dimwishlist:item=2349907931&perks=4090651448,1087426260,2779035018,4049631843,3988215619
dimwishlist:item=2349907931&perks=4090651448,1087426260,2779035018,4104185692,3988215619
dimwishlist:item=2349907931&perks=4090651448,1087426260,2779035018,124408337,3988215619
dimwishlist:item=2349907931&perks=4090651448,1087426260,2779035018,3673922083,3988215619
dimwishlist:item=2349907931&perks=4090651448,1087426260,1820235745,3708227201,3988215619
dimwishlist:item=2349907931&perks=4090651448,1087426260,1820235745,4049631843,3988215619
dimwishlist:item=2349907931&perks=4090651448,1087426260,1820235745,4104185692,3988215619
dimwishlist:item=2349907931&perks=4090651448,1087426260,1820235745,124408337,3988215619
dimwishlist:item=2349907931&perks=4090651448,1087426260,1820235745,3673922083,3988215619
dimwishlist:item=2349907931&perks=1467527085,3230963543,2779035018,3708227201,3988215619
dimwishlist:item=2349907931&perks=1467527085,3230963543,2779035018,4049631843,3988215619
dimwishlist:item=2349907931&perks=1467527085,3230963543,2779035018,4104185692,3988215619
dimwishlist:item=2349907931&perks=1467527085,3230963543,2779035018,124408337,3988215619
dimwishlist:item=2349907931&perks=1467527085,3230963543,2779035018,3673922083,3988215619
dimwishlist:item=2349907931&perks=1467527085,3230963543,1820235745,3708227201,3988215619
dimwishlist:item=2349907931&perks=1467527085,3230963543,1820235745,4049631843,3988215619
dimwishlist:item=2349907931&perks=1467527085,3230963543,1820235745,4104185692,3988215619
dimwishlist:item=2349907931&perks=1467527085,3230963543,1820235745,124408337,3988215619
dimwishlist:item=2349907931&perks=1467527085,3230963543,1820235745,3673922083,3988215619
dimwishlist:item=2349907931&perks=1467527085,1087426260,2779035018,3708227201,3988215619
dimwishlist:item=2349907931&perks=1467527085,1087426260,2779035018,4049631843,3988215619
dimwishlist:item=2349907931&perks=1467527085,1087426260,2779035018,4104185692,3988215619
dimwishlist:item=2349907931&perks=1467527085,1087426260,2779035018,124408337,3988215619
dimwishlist:item=2349907931&perks=1467527085,1087426260,2779035018,3673922083,3988215619
dimwishlist:item=2349907931&perks=1467527085,1087426260,1820235745,3708227201,3988215619
dimwishlist:item=2349907931&perks=1467527085,1087426260,1820235745,4049631843,3988215619
dimwishlist:item=2349907931&perks=1467527085,1087426260,1820235745,4104185692,3988215619
dimwishlist:item=2349907931&perks=1467527085,1087426260,1820235745,124408337,3988215619
dimwishlist:item=2349907931&perks=1467527085,1087426260,1820235745,3673922083,3988215619
dimwishlist:item=2349907931&perks=3250034553,3230963543,2779035018,3708227201,3988215619
dimwishlist:item=2349907931&perks=3250034553,3230963543,2779035018,4049631843,3988215619
dimwishlist:item=2349907931&perks=3250034553,3230963543,2779035018,4104185692,3988215619
dimwishlist:item=2349907931&perks=3250034553,3230963543,2779035018,124408337,3988215619
dimwishlist:item=2349907931&perks=3250034553,3230963543,2779035018,3673922083,3988215619
dimwishlist:item=2349907931&perks=3250034553,3230963543,1820235745,3708227201,3988215619
dimwishlist:item=2349907931&perks=3250034553,3230963543,1820235745,4049631843,3988215619
dimwishlist:item=2349907931&perks=3250034553,3230963543,1820235745,4104185692,3988215619
dimwishlist:item=2349907931&perks=3250034553,3230963543,1820235745,124408337,3988215619
dimwishlist:item=2349907931&perks=3250034553,3230963543,1820235745,3673922083,3988215619
dimwishlist:item=2349907931&perks=3250034553,1087426260,2779035018,3708227201,3988215619
dimwishlist:item=2349907931&perks=3250034553,1087426260,2779035018,4049631843,3988215619
dimwishlist:item=2349907931&perks=3250034553,1087426260,2779035018,4104185692,3988215619
dimwishlist:item=2349907931&perks=3250034553,1087426260,2779035018,124408337,3988215619
dimwishlist:item=2349907931&perks=3250034553,1087426260,2779035018,3673922083,3988215619
dimwishlist:item=2349907931&perks=3250034553,1087426260,1820235745,3708227201,3988215619
dimwishlist:item=2349907931&perks=3250034553,1087426260,1820235745,4049631843,3988215619
dimwishlist:item=2349907931&perks=3250034553,1087426260,1820235745,4104185692,3988215619
dimwishlist:item=2349907931&perks=3250034553,1087426260,1820235745,124408337,3988215619
dimwishlist:item=2349907931&perks=3250034553,1087426260,1820235745,3673922083,3988215619
dimwishlist:item=2349907931&perks=1482024992,3230963543,2779035018,3708227201,3988215619
dimwishlist:item=2349907931&perks=1482024992,3230963543,2779035018,4049631843,3988215619
dimwishlist:item=2349907931&perks=1482024992,3230963543,2779035018,4104185692,3988215619
dimwishlist:item=2349907931&perks=1482024992,3230963543,2779035018,124408337,3988215619
dimwishlist:item=2349907931&perks=1482024992,3230963543,2779035018,3673922083,3988215619
dimwishlist:item=2349907931&perks=1482024992,3230963543,1820235745,3708227201,3988215619
dimwishlist:item=2349907931&perks=1482024992,3230963543,1820235745,4049631843,3988215619
dimwishlist:item=2349907931&perks=1482024992,3230963543,1820235745,4104185692,3988215619
dimwishlist:item=2349907931&perks=1482024992,3230963543,1820235745,124408337,3988215619
dimwishlist:item=2349907931&perks=1482024992,3230963543,1820235745,3673922083,3988215619
dimwishlist:item=2349907931&perks=1482024992,1087426260,2779035018,3708227201,3988215619
dimwishlist:item=2349907931&perks=1482024992,1087426260,2779035018,4049631843,3988215619
dimwishlist:item=2349907931&perks=1482024992,1087426260,2779035018,4104185692,3988215619
dimwishlist:item=2349907931&perks=1482024992,1087426260,2779035018,124408337,3988215619
dimwishlist:item=2349907931&perks=1482024992,1087426260,2779035018,3673922083,3988215619
dimwishlist:item=2349907931&perks=1482024992,1087426260,1820235745,3708227201,3988215619
dimwishlist:item=2349907931&perks=1482024992,1087426260,1820235745,4049631843,3988215619
dimwishlist:item=2349907931&perks=1482024992,1087426260,1820235745,4104185692,3988215619
dimwishlist:item=2349907931&perks=1482024992,1087426260,1820235745,124408337,3988215619
dimwishlist:item=2349907931&perks=1482024992,1087426260,1820235745,3673922083,3988215619


// Prolonged Engagement - E1 (pve)
//notes: *Range MW* tags:pve
dimwishlist:item=2349907931&perks=839105230,1087426260,1168162263,124408337,3988215619
dimwishlist:item=2349907931&perks=839105230,1087426260,1168162263,4104185692,3988215619
dimwishlist:item=2349907931&perks=839105230,1087426260,1168162263,2458213969,3988215619
dimwishlist:item=2349907931&perks=839105230,1087426260,1820235745,124408337,3988215619
dimwishlist:item=2349907931&perks=839105230,1087426260,1820235745,4104185692,3988215619
dimwishlist:item=2349907931&perks=839105230,1087426260,1820235745,2458213969,3988215619
dimwishlist:item=2349907931&perks=839105230,1087426260,2779035018,124408337,3988215619
dimwishlist:item=2349907931&perks=839105230,1087426260,2779035018,4104185692,3988215619
dimwishlist:item=2349907931&perks=839105230,1087426260,2779035018,2458213969,3988215619
dimwishlist:item=2349907931&perks=839105230,3230963543,1168162263,124408337,3988215619
dimwishlist:item=2349907931&perks=839105230,3230963543,1168162263,4104185692,3988215619
dimwishlist:item=2349907931&perks=839105230,3230963543,1168162263,2458213969,3988215619
dimwishlist:item=2349907931&perks=839105230,3230963543,1820235745,124408337,3988215619
dimwishlist:item=2349907931&perks=839105230,3230963543,1820235745,4104185692,3988215619
dimwishlist:item=2349907931&perks=839105230,3230963543,1820235745,2458213969,3988215619
dimwishlist:item=2349907931&perks=839105230,3230963543,2779035018,124408337,3988215619
dimwishlist:item=2349907931&perks=839105230,3230963543,2779035018,4104185692,3988215619
dimwishlist:item=2349907931&perks=839105230,3230963543,2779035018,2458213969,3988215619
dimwishlist:item=2349907931&perks=1482024992,1087426260,1168162263,124408337,3988215619
dimwishlist:item=2349907931&perks=1482024992,1087426260,1168162263,4104185692,3988215619
dimwishlist:item=2349907931&perks=1482024992,1087426260,1168162263,2458213969,3988215619
dimwishlist:item=2349907931&perks=1482024992,1087426260,1820235745,124408337,3988215619
dimwishlist:item=2349907931&perks=1482024992,1087426260,1820235745,4104185692,3988215619
dimwishlist:item=2349907931&perks=1482024992,1087426260,1820235745,2458213969,3988215619
dimwishlist:item=2349907931&perks=1482024992,1087426260,2779035018,124408337,3988215619
dimwishlist:item=2349907931&perks=1482024992,1087426260,2779035018,4104185692,3988215619
dimwishlist:item=2349907931&perks=1482024992,1087426260,2779035018,2458213969,3988215619
dimwishlist:item=2349907931&perks=1482024992,3230963543,1168162263,124408337,3988215619
dimwishlist:item=2349907931&perks=1482024992,3230963543,1168162263,4104185692,3988215619
dimwishlist:item=2349907931&perks=1482024992,3230963543,1168162263,2458213969,3988215619
dimwishlist:item=2349907931&perks=1482024992,3230963543,1820235745,124408337,3988215619
dimwishlist:item=2349907931&perks=1482024992,3230963543,1820235745,4104185692,3988215619
dimwishlist:item=2349907931&perks=1482024992,3230963543,1820235745,2458213969,3988215619
dimwishlist:item=2349907931&perks=1482024992,3230963543,2779035018,124408337,3988215619
dimwishlist:item=2349907931&perks=1482024992,3230963543,2779035018,4104185692,3988215619
dimwishlist:item=2349907931&perks=1482024992,3230963543,2779035018,2458213969,3988215619
dimwishlist:item=2349907931&perks=4090651448,1087426260,1168162263,124408337,3988215619
dimwishlist:item=2349907931&perks=4090651448,1087426260,1168162263,4104185692,3988215619
dimwishlist:item=2349907931&perks=4090651448,1087426260,1168162263,2458213969,3988215619
dimwishlist:item=2349907931&perks=4090651448,1087426260,1820235745,124408337,3988215619
dimwishlist:item=2349907931&perks=4090651448,1087426260,1820235745,4104185692,3988215619
dimwishlist:item=2349907931&perks=4090651448,1087426260,1820235745,2458213969,3988215619
dimwishlist:item=2349907931&perks=4090651448,1087426260,2779035018,124408337,3988215619
dimwishlist:item=2349907931&perks=4090651448,1087426260,2779035018,4104185692,3988215619
dimwishlist:item=2349907931&perks=4090651448,1087426260,2779035018,2458213969,3988215619
dimwishlist:item=2349907931&perks=4090651448,3230963543,1168162263,124408337,3988215619
dimwishlist:item=2349907931&perks=4090651448,3230963543,1168162263,4104185692,3988215619
dimwishlist:item=2349907931&perks=4090651448,3230963543,1168162263,2458213969,3988215619
dimwishlist:item=2349907931&perks=4090651448,3230963543,1820235745,124408337,3988215619
dimwishlist:item=2349907931&perks=4090651448,3230963543,1820235745,4104185692,3988215619
dimwishlist:item=2349907931&perks=4090651448,3230963543,1820235745,2458213969,3988215619
dimwishlist:item=2349907931&perks=4090651448,3230963543,2779035018,124408337,3988215619
dimwishlist:item=2349907931&perks=4090651448,3230963543,2779035018,4104185692,3988215619
dimwishlist:item=2349907931&perks=4090651448,3230963543,2779035018,2458213969,3988215619


// Prolonged Engagement - demonjoe (pve)
//notes: tags:pve
dimwishlist:item=2349907931&perks=839105230,679225683,1820235745,4104185692,744217850
dimwishlist:item=2349907931&perks=839105230,679225683,1820235745,4104185692,3988215619
dimwishlist:item=2349907931&perks=839105230,679225683,1820235745,4049631843,744217850
dimwishlist:item=2349907931&perks=839105230,679225683,1820235745,4049631843,3988215619
dimwishlist:item=2349907931&perks=839105230,3230963543,1820235745,4104185692,744217850
dimwishlist:item=2349907931&perks=839105230,3230963543,1820235745,4104185692,3988215619
dimwishlist:item=2349907931&perks=839105230,3230963543,1820235745,4049631843,744217850
dimwishlist:item=2349907931&perks=839105230,3230963543,1820235745,4049631843,3988215619
dimwishlist:item=2349907931&perks=3250034553,679225683,1820235745,4104185692,744217850
dimwishlist:item=2349907931&perks=3250034553,679225683,1820235745,4104185692,3988215619
dimwishlist:item=2349907931&perks=3250034553,679225683,1820235745,4049631843,744217850
dimwishlist:item=2349907931&perks=3250034553,679225683,1820235745,4049631843,3988215619
dimwishlist:item=2349907931&perks=3250034553,3230963543,1820235745,4104185692,744217850
dimwishlist:item=2349907931&perks=3250034553,3230963543,1820235745,4104185692,3988215619
dimwishlist:item=2349907931&perks=3250034553,3230963543,1820235745,4049631843,744217850
dimwishlist:item=2349907931&perks=3250034553,3230963543,1820235745,4049631843,3988215619


