title:Season of the Seraph

// Disparity - E1 (god-pve)
//notes: Reload Often to proc tags:god-pve
dimwishlist:item=1751893422&perks=839105230,3230963543,1168162263,1015611457,192157151
dimwishlist:item=1751893422&perks=839105230,3230963543,1168162263,1015611457,1607056502
dimwishlist:item=1751893422&perks=839105230,3230963543,1168162263,3047969693,192157151
dimwishlist:item=1751893422&perks=839105230,3230963543,1168162263,3047969693,1607056502
dimwishlist:item=1751893422&perks=839105230,3230963543,247725512,1015611457,192157151
dimwishlist:item=1751893422&perks=839105230,3230963543,247725512,1015611457,1607056502
dimwishlist:item=1751893422&perks=839105230,3230963543,247725512,3047969693,192157151
dimwishlist:item=1751893422&perks=839105230,3230963543,247725512,3047969693,1607056502
dimwishlist:item=1751893422&perks=839105230,1431678320,1168162263,1015611457,192157151
dimwishlist:item=1751893422&perks=839105230,1431678320,1168162263,1015611457,1607056502
dimwishlist:item=1751893422&perks=839105230,1431678320,1168162263,3047969693,192157151
dimwishlist:item=1751893422&perks=839105230,1431678320,1168162263,3047969693,1607056502
dimwishlist:item=1751893422&perks=839105230,1431678320,247725512,1015611457,192157151
dimwishlist:item=1751893422&perks=839105230,1431678320,247725512,1015611457,1607056502
dimwishlist:item=1751893422&perks=839105230,1431678320,247725512,3047969693,192157151
dimwishlist:item=1751893422&perks=839105230,1431678320,247725512,3047969693,1607056502
dimwishlist:item=1751893422&perks=3661387068,3230963543,1168162263,1015611457,192157151
dimwishlist:item=1751893422&perks=3661387068,3230963543,1168162263,1015611457,1607056502
dimwishlist:item=1751893422&perks=3661387068,3230963543,1168162263,3047969693,192157151
dimwishlist:item=1751893422&perks=3661387068,3230963543,1168162263,3047969693,1607056502
dimwishlist:item=1751893422&perks=3661387068,3230963543,247725512,1015611457,192157151
dimwishlist:item=1751893422&perks=3661387068,3230963543,247725512,1015611457,1607056502
dimwishlist:item=1751893422&perks=3661387068,3230963543,247725512,3047969693,192157151
dimwishlist:item=1751893422&perks=3661387068,3230963543,247725512,3047969693,1607056502
dimwishlist:item=1751893422&perks=3661387068,1431678320,1168162263,1015611457,192157151
dimwishlist:item=1751893422&perks=3661387068,1431678320,1168162263,1015611457,1607056502
dimwishlist:item=1751893422&perks=3661387068,1431678320,1168162263,3047969693,192157151
dimwishlist:item=1751893422&perks=3661387068,1431678320,1168162263,3047969693,1607056502
dimwishlist:item=1751893422&perks=3661387068,1431678320,247725512,1015611457,192157151
dimwishlist:item=1751893422&perks=3661387068,1431678320,247725512,1015611457,1607056502
dimwishlist:item=1751893422&perks=3661387068,1431678320,247725512,3047969693,192157151
dimwishlist:item=1751893422&perks=3661387068,1431678320,247725512,3047969693,1607056502
dimwishlist:item=1751893422&perks=4090651448,3230963543,1168162263,1015611457,192157151
dimwishlist:item=1751893422&perks=4090651448,3230963543,1168162263,1015611457,1607056502
dimwishlist:item=1751893422&perks=4090651448,3230963543,1168162263,3047969693,192157151
dimwishlist:item=1751893422&perks=4090651448,3230963543,1168162263,3047969693,1607056502
dimwishlist:item=1751893422&perks=4090651448,3230963543,247725512,1015611457,192157151
dimwishlist:item=1751893422&perks=4090651448,3230963543,247725512,1015611457,1607056502
dimwishlist:item=1751893422&perks=4090651448,3230963543,247725512,3047969693,192157151
dimwishlist:item=1751893422&perks=4090651448,3230963543,247725512,3047969693,1607056502
dimwishlist:item=1751893422&perks=4090651448,1431678320,1168162263,1015611457,192157151
dimwishlist:item=1751893422&perks=4090651448,1431678320,1168162263,1015611457,1607056502
dimwishlist:item=1751893422&perks=4090651448,1431678320,1168162263,3047969693,192157151
dimwishlist:item=1751893422&perks=4090651448,1431678320,1168162263,3047969693,1607056502
dimwishlist:item=1751893422&perks=4090651448,1431678320,247725512,1015611457,192157151
dimwishlist:item=1751893422&perks=4090651448,1431678320,247725512,1015611457,1607056502
dimwishlist:item=1751893422&perks=4090651448,1431678320,247725512,3047969693,192157151
dimwishlist:item=1751893422&perks=4090651448,1431678320,247725512,3047969693,1607056502
dimwishlist:item=1751893422&perks=1482024992,3230963543,1168162263,1015611457,192157151
dimwishlist:item=1751893422&perks=1482024992,3230963543,1168162263,1015611457,1607056502
dimwishlist:item=1751893422&perks=1482024992,3230963543,1168162263,3047969693,192157151
dimwishlist:item=1751893422&perks=1482024992,3230963543,1168162263,3047969693,1607056502
dimwishlist:item=1751893422&perks=1482024992,3230963543,247725512,1015611457,192157151
dimwishlist:item=1751893422&perks=1482024992,3230963543,247725512,1015611457,1607056502
dimwishlist:item=1751893422&perks=1482024992,3230963543,247725512,3047969693,192157151
dimwishlist:item=1751893422&perks=1482024992,3230963543,247725512,3047969693,1607056502
dimwishlist:item=1751893422&perks=1482024992,1431678320,1168162263,1015611457,192157151
dimwishlist:item=1751893422&perks=1482024992,1431678320,1168162263,1015611457,1607056502
dimwishlist:item=1751893422&perks=1482024992,1431678320,1168162263,3047969693,192157151
dimwishlist:item=1751893422&perks=1482024992,1431678320,1168162263,3047969693,1607056502
dimwishlist:item=1751893422&perks=1482024992,1431678320,247725512,1015611457,192157151
dimwishlist:item=1751893422&perks=1482024992,1431678320,247725512,1015611457,1607056502
dimwishlist:item=1751893422&perks=1482024992,1431678320,247725512,3047969693,192157151
dimwishlist:item=1751893422&perks=1482024992,1431678320,247725512,3047969693,1607056502


// Disparity - E7 (god-pve)
//notes: tags:god-pve
dimwishlist:item=1751893422&perks=839105230,3230963543,1168162263,3047969693,192157151
dimwishlist:item=1751893422&perks=839105230,3230963543,1168162263,3047969693,1607056502
dimwishlist:item=1751893422&perks=839105230,1431678320,1168162263,3047969693,192157151
dimwishlist:item=1751893422&perks=839105230,1431678320,1168162263,3047969693,1607056502
dimwishlist:item=1751893422&perks=3661387068,3230963543,1168162263,3047969693,192157151
dimwishlist:item=1751893422&perks=3661387068,3230963543,1168162263,3047969693,1607056502
dimwishlist:item=1751893422&perks=3661387068,1431678320,1168162263,3047969693,192157151
dimwishlist:item=1751893422&perks=3661387068,1431678320,1168162263,3047969693,1607056502
dimwishlist:item=1751893422&perks=4090651448,3230963543,1168162263,3047969693,192157151
dimwishlist:item=1751893422&perks=4090651448,3230963543,1168162263,3047969693,1607056502
dimwishlist:item=1751893422&perks=4090651448,1431678320,1168162263,3047969693,192157151
dimwishlist:item=1751893422&perks=4090651448,1431678320,1168162263,3047969693,1607056502
dimwishlist:item=1751893422&perks=1482024992,3230963543,1168162263,3047969693,192157151
dimwishlist:item=1751893422&perks=1482024992,3230963543,1168162263,3047969693,1607056502
dimwishlist:item=1751893422&perks=1482024992,1431678320,1168162263,3047969693,192157151
dimwishlist:item=1751893422&perks=1482024992,1431678320,1168162263,3047969693,1607056502


// Disparity - E2 (pve)
//notes: Balanced tags:pve
dimwishlist:item=1751893422&perks=839105230,1168162263,4049631843,192157151
dimwishlist:item=1751893422&perks=839105230,1168162263,4049631843,1607056502
dimwishlist:item=1751893422&perks=839105230,1168162263,460017080,192157151
dimwishlist:item=1751893422&perks=839105230,1168162263,460017080,1607056502
dimwishlist:item=1751893422&perks=839105230,1168162263,4104185692,192157151
dimwishlist:item=1751893422&perks=839105230,1168162263,4104185692,1607056502
dimwishlist:item=1751893422&perks=839105230,1168162263,124408337,192157151
dimwishlist:item=1751893422&perks=839105230,1168162263,124408337,1607056502
dimwishlist:item=1751893422&perks=839105230,247725512,4049631843,192157151
dimwishlist:item=1751893422&perks=839105230,247725512,4049631843,1607056502
dimwishlist:item=1751893422&perks=839105230,247725512,460017080,192157151
dimwishlist:item=1751893422&perks=839105230,247725512,460017080,1607056502
dimwishlist:item=1751893422&perks=839105230,247725512,4104185692,192157151
dimwishlist:item=1751893422&perks=839105230,247725512,4104185692,1607056502
dimwishlist:item=1751893422&perks=839105230,247725512,124408337,192157151
dimwishlist:item=1751893422&perks=839105230,247725512,124408337,1607056502
dimwishlist:item=1751893422&perks=839105230,1570042021,4049631843,192157151
dimwishlist:item=1751893422&perks=839105230,1570042021,4049631843,1607056502
dimwishlist:item=1751893422&perks=839105230,1570042021,460017080,192157151
dimwishlist:item=1751893422&perks=839105230,1570042021,460017080,1607056502
dimwishlist:item=1751893422&perks=839105230,1570042021,4104185692,192157151
dimwishlist:item=1751893422&perks=839105230,1570042021,4104185692,1607056502
dimwishlist:item=1751893422&perks=839105230,1570042021,124408337,192157151
dimwishlist:item=1751893422&perks=839105230,1570042021,124408337,1607056502
dimwishlist:item=1751893422&perks=839105230,588594999,4049631843,192157151
dimwishlist:item=1751893422&perks=839105230,588594999,4049631843,1607056502
dimwishlist:item=1751893422&perks=839105230,588594999,460017080,192157151
dimwishlist:item=1751893422&perks=839105230,588594999,460017080,1607056502
dimwishlist:item=1751893422&perks=839105230,588594999,4104185692,192157151
dimwishlist:item=1751893422&perks=839105230,588594999,4104185692,1607056502
dimwishlist:item=1751893422&perks=839105230,588594999,124408337,192157151
dimwishlist:item=1751893422&perks=839105230,588594999,124408337,1607056502
dimwishlist:item=1751893422&perks=3661387068,1168162263,4049631843,192157151
dimwishlist:item=1751893422&perks=3661387068,1168162263,4049631843,1607056502
dimwishlist:item=1751893422&perks=3661387068,1168162263,460017080,192157151
dimwishlist:item=1751893422&perks=3661387068,1168162263,460017080,1607056502
dimwishlist:item=1751893422&perks=3661387068,1168162263,4104185692,192157151
dimwishlist:item=1751893422&perks=3661387068,1168162263,4104185692,1607056502
dimwishlist:item=1751893422&perks=3661387068,1168162263,124408337,192157151
dimwishlist:item=1751893422&perks=3661387068,1168162263,124408337,1607056502
dimwishlist:item=1751893422&perks=3661387068,247725512,4049631843,192157151
dimwishlist:item=1751893422&perks=3661387068,247725512,4049631843,1607056502
dimwishlist:item=1751893422&perks=3661387068,247725512,460017080,192157151
dimwishlist:item=1751893422&perks=3661387068,247725512,460017080,1607056502
dimwishlist:item=1751893422&perks=3661387068,247725512,4104185692,192157151
dimwishlist:item=1751893422&perks=3661387068,247725512,4104185692,1607056502
dimwishlist:item=1751893422&perks=3661387068,247725512,124408337,192157151
dimwishlist:item=1751893422&perks=3661387068,247725512,124408337,1607056502
dimwishlist:item=1751893422&perks=3661387068,1570042021,4049631843,192157151
dimwishlist:item=1751893422&perks=3661387068,1570042021,4049631843,1607056502
dimwishlist:item=1751893422&perks=3661387068,1570042021,460017080,192157151
dimwishlist:item=1751893422&perks=3661387068,1570042021,460017080,1607056502
dimwishlist:item=1751893422&perks=3661387068,1570042021,4104185692,192157151
dimwishlist:item=1751893422&perks=3661387068,1570042021,4104185692,1607056502
dimwishlist:item=1751893422&perks=3661387068,1570042021,124408337,192157151
dimwishlist:item=1751893422&perks=3661387068,1570042021,124408337,1607056502
dimwishlist:item=1751893422&perks=3661387068,588594999,4049631843,192157151
dimwishlist:item=1751893422&perks=3661387068,588594999,4049631843,1607056502
dimwishlist:item=1751893422&perks=3661387068,588594999,460017080,192157151
dimwishlist:item=1751893422&perks=3661387068,588594999,460017080,1607056502
dimwishlist:item=1751893422&perks=3661387068,588594999,4104185692,192157151
dimwishlist:item=1751893422&perks=3661387068,588594999,4104185692,1607056502
dimwishlist:item=1751893422&perks=3661387068,588594999,124408337,192157151
dimwishlist:item=1751893422&perks=3661387068,588594999,124408337,1607056502
dimwishlist:item=1751893422&perks=4090651448,1168162263,4049631843,192157151
dimwishlist:item=1751893422&perks=4090651448,1168162263,4049631843,1607056502
dimwishlist:item=1751893422&perks=4090651448,1168162263,460017080,192157151
dimwishlist:item=1751893422&perks=4090651448,1168162263,460017080,1607056502
dimwishlist:item=1751893422&perks=4090651448,1168162263,4104185692,192157151
dimwishlist:item=1751893422&perks=4090651448,1168162263,4104185692,1607056502
dimwishlist:item=1751893422&perks=4090651448,1168162263,124408337,192157151
dimwishlist:item=1751893422&perks=4090651448,1168162263,124408337,1607056502
dimwishlist:item=1751893422&perks=4090651448,247725512,4049631843,192157151
dimwishlist:item=1751893422&perks=4090651448,247725512,4049631843,1607056502
dimwishlist:item=1751893422&perks=4090651448,247725512,460017080,192157151
dimwishlist:item=1751893422&perks=4090651448,247725512,460017080,1607056502
dimwishlist:item=1751893422&perks=4090651448,247725512,4104185692,192157151
dimwishlist:item=1751893422&perks=4090651448,247725512,4104185692,1607056502
dimwishlist:item=1751893422&perks=4090651448,247725512,124408337,192157151
dimwishlist:item=1751893422&perks=4090651448,247725512,124408337,1607056502
dimwishlist:item=1751893422&perks=4090651448,1570042021,4049631843,192157151
dimwishlist:item=1751893422&perks=4090651448,1570042021,4049631843,1607056502
dimwishlist:item=1751893422&perks=4090651448,1570042021,460017080,192157151
dimwishlist:item=1751893422&perks=4090651448,1570042021,460017080,1607056502
dimwishlist:item=1751893422&perks=4090651448,1570042021,4104185692,192157151
dimwishlist:item=1751893422&perks=4090651448,1570042021,4104185692,1607056502
dimwishlist:item=1751893422&perks=4090651448,1570042021,124408337,192157151
dimwishlist:item=1751893422&perks=4090651448,1570042021,124408337,1607056502
dimwishlist:item=1751893422&perks=4090651448,588594999,4049631843,192157151
dimwishlist:item=1751893422&perks=4090651448,588594999,4049631843,1607056502
dimwishlist:item=1751893422&perks=4090651448,588594999,460017080,192157151
dimwishlist:item=1751893422&perks=4090651448,588594999,460017080,1607056502
dimwishlist:item=1751893422&perks=4090651448,588594999,4104185692,192157151
dimwishlist:item=1751893422&perks=4090651448,588594999,4104185692,1607056502
dimwishlist:item=1751893422&perks=4090651448,588594999,124408337,192157151
dimwishlist:item=1751893422&perks=4090651448,588594999,124408337,1607056502
dimwishlist:item=1751893422&perks=1482024992,1168162263,4049631843,192157151
dimwishlist:item=1751893422&perks=1482024992,1168162263,4049631843,1607056502
dimwishlist:item=1751893422&perks=1482024992,1168162263,460017080,192157151
dimwishlist:item=1751893422&perks=1482024992,1168162263,460017080,1607056502
dimwishlist:item=1751893422&perks=1482024992,1168162263,4104185692,192157151
dimwishlist:item=1751893422&perks=1482024992,1168162263,4104185692,1607056502
dimwishlist:item=1751893422&perks=1482024992,1168162263,124408337,192157151
dimwishlist:item=1751893422&perks=1482024992,1168162263,124408337,1607056502
dimwishlist:item=1751893422&perks=1482024992,247725512,4049631843,192157151
dimwishlist:item=1751893422&perks=1482024992,247725512,4049631843,1607056502
dimwishlist:item=1751893422&perks=1482024992,247725512,460017080,192157151
dimwishlist:item=1751893422&perks=1482024992,247725512,460017080,1607056502
dimwishlist:item=1751893422&perks=1482024992,247725512,4104185692,192157151
dimwishlist:item=1751893422&perks=1482024992,247725512,4104185692,1607056502
dimwishlist:item=1751893422&perks=1482024992,247725512,124408337,192157151
dimwishlist:item=1751893422&perks=1482024992,247725512,124408337,1607056502
dimwishlist:item=1751893422&perks=1482024992,1570042021,4049631843,192157151
dimwishlist:item=1751893422&perks=1482024992,1570042021,4049631843,1607056502
dimwishlist:item=1751893422&perks=1482024992,1570042021,460017080,192157151
dimwishlist:item=1751893422&perks=1482024992,1570042021,460017080,1607056502
dimwishlist:item=1751893422&perks=1482024992,1570042021,4104185692,192157151
dimwishlist:item=1751893422&perks=1482024992,1570042021,4104185692,1607056502
dimwishlist:item=1751893422&perks=1482024992,1570042021,124408337,192157151
dimwishlist:item=1751893422&perks=1482024992,1570042021,124408337,1607056502
dimwishlist:item=1751893422&perks=1482024992,588594999,4049631843,192157151
dimwishlist:item=1751893422&perks=1482024992,588594999,4049631843,1607056502
dimwishlist:item=1751893422&perks=1482024992,588594999,460017080,192157151
dimwishlist:item=1751893422&perks=1482024992,588594999,460017080,1607056502
dimwishlist:item=1751893422&perks=1482024992,588594999,4104185692,192157151
dimwishlist:item=1751893422&perks=1482024992,588594999,4104185692,1607056502
dimwishlist:item=1751893422&perks=1482024992,588594999,124408337,192157151
dimwishlist:item=1751893422&perks=1482024992,588594999,124408337,1607056502


// Disparity - E4 (pve)
//notes: Headstone tags:pve
dimwishlist:item=1751893422&perks=839105230,1168162263,124408337,192157151
dimwishlist:item=1751893422&perks=839105230,1168162263,124408337,1607056502
dimwishlist:item=1751893422&perks=3661387068,1168162263,124408337,192157151
dimwishlist:item=1751893422&perks=3661387068,1168162263,124408337,1607056502
dimwishlist:item=1751893422&perks=4090651448,1168162263,124408337,192157151
dimwishlist:item=1751893422&perks=4090651448,1168162263,124408337,1607056502
dimwishlist:item=1751893422&perks=1482024992,1168162263,124408337,192157151
dimwishlist:item=1751893422&perks=1482024992,1168162263,124408337,1607056502


// Disparity - E5 (pve)
//notes: High Health enemies tags:pve
dimwishlist:item=1751893422&perks=839105230,247725512,4104185692,192157151
dimwishlist:item=1751893422&perks=839105230,247725512,4104185692,1607056502
dimwishlist:item=1751893422&perks=3661387068,247725512,4104185692,192157151
dimwishlist:item=1751893422&perks=3661387068,247725512,4104185692,1607056502
dimwishlist:item=1751893422&perks=4090651448,247725512,4104185692,192157151
dimwishlist:item=1751893422&perks=4090651448,247725512,4104185692,1607056502
dimwishlist:item=1751893422&perks=1482024992,247725512,4104185692,192157151
dimwishlist:item=1751893422&perks=1482024992,247725512,4104185692,1607056502


// Disparity - E3 (pve)
//notes: Melee tags:pve
dimwishlist:item=1751893422&perks=839105230,691659142,4082225868,192157151
dimwishlist:item=1751893422&perks=839105230,691659142,4082225868,1607056502
dimwishlist:item=1751893422&perks=3661387068,691659142,4082225868,192157151
dimwishlist:item=1751893422&perks=3661387068,691659142,4082225868,1607056502
dimwishlist:item=1751893422&perks=4090651448,691659142,4082225868,192157151
dimwishlist:item=1751893422&perks=4090651448,691659142,4082225868,1607056502
dimwishlist:item=1751893422&perks=1482024992,691659142,4082225868,192157151
dimwishlist:item=1751893422&perks=1482024992,691659142,4082225868,1607056502


// Fire and Forget - E1 (god-pve)
//notes: General tags:god-pve
dimwishlist:item=2272041093&perks=1392496348,3868766766,2869569095,4104185692,3988215619
dimwishlist:item=2272041093&perks=1392496348,3868766766,2869569095,2896038713,3988215619
dimwishlist:item=2272041093&perks=1392496348,3868766766,2869569095,2213355989,3988215619
dimwishlist:item=2272041093&perks=1392496348,3868766766,3436462433,4104185692,3988215619
dimwishlist:item=2272041093&perks=1392496348,3868766766,3436462433,2896038713,3988215619
dimwishlist:item=2272041093&perks=1392496348,3868766766,3436462433,2213355989,3988215619
dimwishlist:item=2272041093&perks=3661387068,3868766766,2869569095,4104185692,3988215619
dimwishlist:item=2272041093&perks=3661387068,3868766766,2869569095,2896038713,3988215619
dimwishlist:item=2272041093&perks=3661387068,3868766766,2869569095,2213355989,3988215619
dimwishlist:item=2272041093&perks=3661387068,3868766766,3436462433,4104185692,3988215619
dimwishlist:item=2272041093&perks=3661387068,3868766766,3436462433,2896038713,3988215619
dimwishlist:item=2272041093&perks=3661387068,3868766766,3436462433,2213355989,3988215619
dimwishlist:item=2272041093&perks=4090651448,3868766766,2869569095,4104185692,3988215619
dimwishlist:item=2272041093&perks=4090651448,3868766766,2869569095,2896038713,3988215619
dimwishlist:item=2272041093&perks=4090651448,3868766766,2869569095,2213355989,3988215619
dimwishlist:item=2272041093&perks=4090651448,3868766766,3436462433,4104185692,3988215619
dimwishlist:item=2272041093&perks=4090651448,3868766766,3436462433,2896038713,3988215619
dimwishlist:item=2272041093&perks=4090651448,3868766766,3436462433,2213355989,3988215619
dimwishlist:item=2272041093&perks=1840239774,3868766766,2869569095,4104185692,3988215619
dimwishlist:item=2272041093&perks=1840239774,3868766766,2869569095,2896038713,3988215619
dimwishlist:item=2272041093&perks=1840239774,3868766766,2869569095,2213355989,3988215619
dimwishlist:item=2272041093&perks=1840239774,3868766766,3436462433,4104185692,3988215619
dimwishlist:item=2272041093&perks=1840239774,3868766766,3436462433,2896038713,3988215619
dimwishlist:item=2272041093&perks=1840239774,3868766766,3436462433,2213355989,3988215619
dimwishlist:item=2272041093&perks=1482024992,3868766766,2869569095,4104185692,3988215619
dimwishlist:item=2272041093&perks=1482024992,3868766766,2869569095,2896038713,3988215619
dimwishlist:item=2272041093&perks=1482024992,3868766766,2869569095,2213355989,3988215619
dimwishlist:item=2272041093&perks=1482024992,3868766766,3436462433,4104185692,3988215619
dimwishlist:item=2272041093&perks=1482024992,3868766766,3436462433,2896038713,3988215619
dimwishlist:item=2272041093&perks=1482024992,3868766766,3436462433,2213355989,3988215619


// Fire and Forget - E2 (god-pve)
//notes: Extended Mag tags:god-pve
dimwishlist:item=2272041093&perks=1392496348,2680121939,2869569095,2978966579,3988215619
dimwishlist:item=2272041093&perks=1392496348,2680121939,3436462433,2978966579,3988215619
dimwishlist:item=2272041093&perks=3661387068,2680121939,2869569095,2978966579,3988215619
dimwishlist:item=2272041093&perks=3661387068,2680121939,3436462433,2978966579,3988215619
dimwishlist:item=2272041093&perks=4090651448,2680121939,2869569095,2978966579,3988215619
dimwishlist:item=2272041093&perks=4090651448,2680121939,3436462433,2978966579,3988215619
dimwishlist:item=2272041093&perks=1840239774,2680121939,2869569095,2978966579,3988215619
dimwishlist:item=2272041093&perks=1840239774,2680121939,3436462433,2978966579,3988215619
dimwishlist:item=2272041093&perks=1482024992,2680121939,2869569095,2978966579,3988215619
dimwishlist:item=2272041093&perks=1482024992,2680121939,3436462433,2978966579,3988215619


// Path of Least Resistance - E1 (god-pve)
//notes: Arc God Roll tags:god-pve
dimwishlist:item=2827764482&perks=1840239774,1483536627,3400784728,2173046394,192157151
dimwishlist:item=2827764482&perks=1840239774,1483536627,3400784728,2173046394,2839173408
dimwishlist:item=2827764482&perks=1840239774,1483536627,1583705720,2173046394,192157151
dimwishlist:item=2827764482&perks=1840239774,1483536627,1583705720,2173046394,2839173408
dimwishlist:item=2827764482&perks=1840239774,1483536627,1359896290,2173046394,192157151
dimwishlist:item=2827764482&perks=1840239774,1483536627,1359896290,2173046394,2839173408
dimwishlist:item=2827764482&perks=1840239774,1483536627,1820235745,2173046394,192157151
dimwishlist:item=2827764482&perks=1840239774,1483536627,1820235745,2173046394,2839173408
dimwishlist:item=2827764482&perks=4090651448,1483536627,3400784728,2173046394,192157151
dimwishlist:item=2827764482&perks=4090651448,1483536627,3400784728,2173046394,2839173408
dimwishlist:item=2827764482&perks=4090651448,1483536627,1583705720,2173046394,192157151
dimwishlist:item=2827764482&perks=4090651448,1483536627,1583705720,2173046394,2839173408
dimwishlist:item=2827764482&perks=4090651448,1483536627,1359896290,2173046394,192157151
dimwishlist:item=2827764482&perks=4090651448,1483536627,1359896290,2173046394,2839173408
dimwishlist:item=2827764482&perks=4090651448,1483536627,1820235745,2173046394,192157151
dimwishlist:item=2827764482&perks=4090651448,1483536627,1820235745,2173046394,2839173408


// Path of Least Resistance - E2 (pve)
//notes: tags:pve
dimwishlist:item=2827764482&perks=1840239774,1483536627,3700496672,2848615171
dimwishlist:item=2827764482&perks=1840239774,1483536627,3700496672,2896038713
dimwishlist:item=2827764482&perks=1840239774,1483536627,1359896290,2848615171
dimwishlist:item=2827764482&perks=1840239774,1483536627,1359896290,2896038713
dimwishlist:item=2827764482&perks=1840239774,1483536627,1820235745,2848615171
dimwishlist:item=2827764482&perks=1840239774,1483536627,1820235745,2896038713
dimwishlist:item=2827764482&perks=1840239774,1483536627,3400784728,2848615171
dimwishlist:item=2827764482&perks=1840239774,1483536627,3400784728,2896038713
dimwishlist:item=2827764482&perks=1840239774,1483536627,1583705720,2848615171
dimwishlist:item=2827764482&perks=1840239774,1483536627,1583705720,2896038713
dimwishlist:item=2827764482&perks=1840239774,2749775325,3700496672,2848615171
dimwishlist:item=2827764482&perks=1840239774,2749775325,3700496672,2896038713
dimwishlist:item=2827764482&perks=1840239774,2749775325,1359896290,2848615171
dimwishlist:item=2827764482&perks=1840239774,2749775325,1359896290,2896038713
dimwishlist:item=2827764482&perks=1840239774,2749775325,1820235745,2848615171
dimwishlist:item=2827764482&perks=1840239774,2749775325,1820235745,2896038713
dimwishlist:item=2827764482&perks=1840239774,2749775325,3400784728,2848615171
dimwishlist:item=2827764482&perks=1840239774,2749775325,3400784728,2896038713
dimwishlist:item=2827764482&perks=1840239774,2749775325,1583705720,2848615171
dimwishlist:item=2827764482&perks=1840239774,2749775325,1583705720,2896038713
dimwishlist:item=2827764482&perks=1840239774,732557052,3700496672,2848615171
dimwishlist:item=2827764482&perks=1840239774,732557052,3700496672,2896038713
dimwishlist:item=2827764482&perks=1840239774,732557052,1359896290,2848615171
dimwishlist:item=2827764482&perks=1840239774,732557052,1359896290,2896038713
dimwishlist:item=2827764482&perks=1840239774,732557052,1820235745,2848615171
dimwishlist:item=2827764482&perks=1840239774,732557052,1820235745,2896038713
dimwishlist:item=2827764482&perks=1840239774,732557052,3400784728,2848615171
dimwishlist:item=2827764482&perks=1840239774,732557052,3400784728,2896038713
dimwishlist:item=2827764482&perks=1840239774,732557052,1583705720,2848615171
dimwishlist:item=2827764482&perks=1840239774,732557052,1583705720,2896038713
dimwishlist:item=2827764482&perks=4090651448,1483536627,3700496672,2848615171
dimwishlist:item=2827764482&perks=4090651448,1483536627,3700496672,2896038713
dimwishlist:item=2827764482&perks=4090651448,1483536627,1359896290,2848615171
dimwishlist:item=2827764482&perks=4090651448,1483536627,1359896290,2896038713
dimwishlist:item=2827764482&perks=4090651448,1483536627,1820235745,2848615171
dimwishlist:item=2827764482&perks=4090651448,1483536627,1820235745,2896038713
dimwishlist:item=2827764482&perks=4090651448,1483536627,3400784728,2848615171
dimwishlist:item=2827764482&perks=4090651448,1483536627,3400784728,2896038713
dimwishlist:item=2827764482&perks=4090651448,1483536627,1583705720,2848615171
dimwishlist:item=2827764482&perks=4090651448,1483536627,1583705720,2896038713
dimwishlist:item=2827764482&perks=4090651448,2749775325,3700496672,2848615171
dimwishlist:item=2827764482&perks=4090651448,2749775325,3700496672,2896038713
dimwishlist:item=2827764482&perks=4090651448,2749775325,1359896290,2848615171
dimwishlist:item=2827764482&perks=4090651448,2749775325,1359896290,2896038713
dimwishlist:item=2827764482&perks=4090651448,2749775325,1820235745,2848615171
dimwishlist:item=2827764482&perks=4090651448,2749775325,1820235745,2896038713
dimwishlist:item=2827764482&perks=4090651448,2749775325,3400784728,2848615171
dimwishlist:item=2827764482&perks=4090651448,2749775325,3400784728,2896038713
dimwishlist:item=2827764482&perks=4090651448,2749775325,1583705720,2848615171
dimwishlist:item=2827764482&perks=4090651448,2749775325,1583705720,2896038713
dimwishlist:item=2827764482&perks=4090651448,732557052,3700496672,2848615171
dimwishlist:item=2827764482&perks=4090651448,732557052,3700496672,2896038713
dimwishlist:item=2827764482&perks=4090651448,732557052,1359896290,2848615171
dimwishlist:item=2827764482&perks=4090651448,732557052,1359896290,2896038713
dimwishlist:item=2827764482&perks=4090651448,732557052,1820235745,2848615171
dimwishlist:item=2827764482&perks=4090651448,732557052,1820235745,2896038713
dimwishlist:item=2827764482&perks=4090651448,732557052,3400784728,2848615171
dimwishlist:item=2827764482&perks=4090651448,732557052,3400784728,2896038713
dimwishlist:item=2827764482&perks=4090651448,732557052,1583705720,2848615171
dimwishlist:item=2827764482&perks=4090651448,732557052,1583705720,2896038713


// Judgment of Kelgorath - E (pve)
//notes: tags:pve
dimwishlist:item=2978226043&perks=594346985,691659142,3708227201,192157151
dimwishlist:item=2978226043&perks=594346985,691659142,3708227201,1607056502
dimwishlist:item=2978226043&perks=594346985,691659142,4293542123,192157151
dimwishlist:item=2978226043&perks=594346985,691659142,4293542123,1607056502
dimwishlist:item=2978226043&perks=594346985,691659142,1782407750,192157151
dimwishlist:item=2978226043&perks=594346985,691659142,1782407750,1607056502
dimwishlist:item=2978226043&perks=594346985,3523296417,3708227201,192157151
dimwishlist:item=2978226043&perks=594346985,3523296417,3708227201,1607056502
dimwishlist:item=2978226043&perks=594346985,3523296417,4293542123,192157151
dimwishlist:item=2978226043&perks=594346985,3523296417,4293542123,1607056502
dimwishlist:item=2978226043&perks=594346985,3523296417,1782407750,192157151
dimwishlist:item=2978226043&perks=594346985,3523296417,1782407750,1607056502


// Retrofit Escapade - E1 (god-pve)
//notes: Boss Killer tags:god-pve
dimwishlist:item=3103325054&perks=839105230,1087426260,1354429876,365154968
dimwishlist:item=3103325054&perks=839105230,3142289711,1354429876,365154968
dimwishlist:item=3103325054&perks=839105230,106909392,1354429876,365154968
dimwishlist:item=3103325054&perks=1467527085,1087426260,1354429876,365154968
dimwishlist:item=3103325054&perks=1467527085,3142289711,1354429876,365154968
dimwishlist:item=3103325054&perks=1467527085,106909392,1354429876,365154968
dimwishlist:item=3103325054&perks=3661387068,1087426260,1354429876,365154968
dimwishlist:item=3103325054&perks=3661387068,3142289711,1354429876,365154968
dimwishlist:item=3103325054&perks=3661387068,106909392,1354429876,365154968


// Tripwire Canary - E1 (god-pve)
//notes: Explosive Head tags:god-pve
dimwishlist:item=3849444474&perks=1196733167,201365942,3365897133
dimwishlist:item=3849444474&perks=1196733167,2848615171,3365897133
dimwishlist:item=3849444474&perks=3371775011,201365942,3365897133
dimwishlist:item=3849444474&perks=3371775011,2848615171,3365897133
dimwishlist:item=3849444474&perks=1784898267,201365942,3365897133
dimwishlist:item=3849444474&perks=1784898267,2848615171,3365897133


// Tripwire Canary - E2 (god-pve)
//notes: tags:god-pve
dimwishlist:item=3849444474&perks=1196733167,2848615171,4104185692
dimwishlist:item=3849444474&perks=3371775011,2848615171,4104185692
dimwishlist:item=3849444474&perks=1784898267,2848615171,4104185692


// Tripwire Canary - E3 (god-pve)
//notes: Speed shots tags:god-pve
dimwishlist:item=3849444474&perks=1196733167,16392701,247725512,2652708987
dimwishlist:item=3849444474&perks=1196733167,3827198035,247725512,2652708987
dimwishlist:item=3849444474&perks=1196733167,3311977193,247725512,2652708987
dimwishlist:item=3849444474&perks=1784898267,16392701,247725512,2652708987
dimwishlist:item=3849444474&perks=1784898267,3827198035,247725512,2652708987
dimwishlist:item=3849444474&perks=1784898267,3311977193,247725512,2652708987
dimwishlist:item=3849444474&perks=3371775011,16392701,247725512,2652708987
dimwishlist:item=3849444474&perks=3371775011,3827198035,247725512,2652708987
dimwishlist:item=3849444474&perks=3371775011,3311977193,247725512,2652708987


